20
20
20
20
20
20
20
20
20
20
20
20
20
20
20
20
20
20
20
20
20
20
20
20
20
20
20
20
20
20
20
20
20
20
20
20
20
20
20
20
20
20
20
20
20
20
20
20
20
20
20
20
20
20
20
20
20
20
20
20
20
20
20
20
20
20
20
20
20
20
20
20
20
20
20
20
20
20
20
20
20
20
20
20
20
20
20
20
20
20
20
20
20
20
20
20
20
20
20
20
20
20
20
20
20
20
20
20
20
20
20
20
20
20
20
20
20
20
20
20
20
20
20
20
20
20
20
20
20
20
20
20.0001
20.0004
20.0015
20.0026
20.005
20.0078
20.0116
20.0139
20.0163
20.02
20.0281
20.036
20.041
20.0422
20.0422
20.0422
20.0422
20.0422
20.0422
20.0422
20.0422
20.0422
20.0422
20.0422
20.0405
20.0368
20.0287
20.0209
20.0159
20.0132
20.0108
20.007
20.0047
20.0032
20.0021
20.0011
20.0005
20.0002
20.0001
20
20
20
20
20
20
20
20
20
20
20
20
20
20
20
20
20
20
20
20
20
20
20
20
20
20
20
20
20
20
20
20
20
20
20
20
20
20
20
20
20
20
20
20
20
20
20
20
20
20
20
20
20
20
20
20
20
20
20
20
20.0001
20.0004
20.0015
20.0041
20.0076
20.0137
20.02
20.0297
20.0387
20.046
20.0513
20.0638
20.0812
20.1
20.1103
20.1129
20.1129
20.1129
20.1129
20.1129
20.1129
20.1129
20.1129
20.1129
20.1129
20.1115
20.1078
20.0953
20.0779
20.0591
20.0472
20.0408
20.0319
20.0229
20.0156
20.0116
20.0075
20.0041
20.0022
20.0011
20.0005
20.0002
20.0001
20
20
20
20
20
20
20
20
20
20
20
20
20
20
20
20
20
20
20
20
20
20
20
20
20
20
20
20
20
20
20
20
20
20
20
20
20
20
20
20
20
20
20
20
20
20
20
20
20
20
20
20
20
20
20
20
20.0001
20.0004
20.0015
20.0041
20.0093
20.0174
20.0303
20.0438
20.0623
20.0813
20.1012
20.1142
20.1287
20.1498
20.1842
20.2141
20.2313
20.2353
20.2353
20.2353
20.2353
20.2353
20.2353
20.2353
20.2353
20.2353
20.2346
20.2321
20.2204
20.1993
20.1649
20.1335
20.1127
20.0961
20.0787
20.0579
20.0437
20.032
20.0217
20.0131
20.0075
20.0041
20.0022
20.0011
20.0005
20.0002
20.0001
20
20
20
20
20
20
20
20
20
20
20
20
20
20
20
20
20
20
20
20
20
20
20
20
20
20
20
20
20
20
20
20
20
20
20
20
20
20
20
20
20
20
20
20
20
20
20
20
20
20
20
20
20.0001
20.0004
20.0015
20.0041
20.0093
20.0188
20.034
20.0571
20.083
20.1154
20.147
20.1845
20.2155
20.24
20.2604
20.2987
20.3461
20.391
20.4139
20.4194
20.4194
20.4194
20.4194
20.4194
20.4194
20.4194
20.4194
20.4191
20.418
20.4108
20.3944
20.3561
20.308
20.2606
20.226
20.1994
20.1636
20.1299
20.1002
20.0771
20.0542
20.0348
20.0217
20.0131
20.0075
20.0041
20.0022
20.0011
20.0005
20.0002
20.0001
20
20
20
20
20
20
20
20
20
20
20
20
20
20
20
20
20
20
20
20
20
20
20
20
20
20
20
20
20
20
20
20
20
20
20
20
20
20
20
20
20
20
20
20
20
20
20
20
20
20.0004
20.0015
20.0041
20.0093
20.0188
20.0348
20.0596
20.0949
20.1378
20.19
20.2391
20.2947
20.3464
20.3942
20.425
20.4576
20.5023
20.5667
20.6195
20.6478
20.6543
20.6543
20.6543
20.6543
20.6543
20.6543
20.6543
20.6542
20.654
20.6511
20.6432
20.6162
20.5711
20.5057
20.4456
20.4009
20.3553
20.3055
20.2489
20.2036
20.1599
20.1174
20.0812
20.0542
20.0348
20.0217
20.0131
20.0075
20.0041
20.0022
20.0011
20.0005
20.0002
20
20
20
20
20
20
20
20
20
20
20
20
20
20
20
20
20
20
20
20
20
20
20
20
20
20
20
20
20
20
20
20
20
20
20
20
20
20
20
20
20
20
20
20
20
20
20
20.0012
20.0039
20.0093
20.0188
20.0348
20.0599
20.096
20.1451
20.2067
20.2806
20.3531
20.4292
20.4968
20.5674
20.6224
20.6625
20.6943
20.7487
20.8136
20.8727
20.902
20.909
20.909
20.909
20.909
20.909
20.909
20.909
20.909
20.9083
20.9061
20.8944
20.869
20.8143
20.7465
20.6795
20.6228
20.5701
20.4985
20.4285
20.3593
20.2938
20.2264
20.1655
20.1174
20.0812
20.0542
20.0348
20.0217
20.0131
20.0075
20.0041
20.0022
20.0008
20.0002
20
20
20
20
20
20
20
20
20
20
20
20
20
20
20
20
20
20
20
20
20
20
20
20
20
20
20
20
20
20
20
20
20
20
20
20
20
20
20
20
20
20
20
20
20.0001
20.0026
20.0081
20.0185
20.0348
20.0599
20.0961
20.1454
20.2096
20.2886
20.3808
20.4768
20.5757
20.6595
20.7423
20.814
20.8759
20.9132
20.9472
20.9919
21.0563
21.1091
21.1374
21.1439
21.1439
21.1439
21.1439
21.1439
21.1439
21.1439
21.1438
21.1436
21.1407
21.1328
21.1057
21.0603
20.9938
20.9291
20.8752
20.8114
20.7383
20.6511
20.5698
20.4813
20.3877
20.3003
20.2264
20.1655
20.1174
20.0812
20.0542
20.0348
20.0217
20.0131
20.0067
20.003
20.0008
20.0002
20.0001
20
20
20
20
20
20
20
20
20
20
20
20
20
20
20
20
20
20
20
20
20
20
20
20
20
20
20
20
20
20
20
20
20
20
20
20
20
20
20
20
20
20.0004
20.0045
20.0133
20.0319
20.059
20.0961
20.1454
20.2096
20.2893
20.383
20.4886
20.6014
20.7171
20.8183
20.9109
20.9849
21.0566
21.1105
21.146
21.1689
21.2072
21.2545
21.2995
21.3223
21.3279
21.3279
21.3279
21.3279
21.3279
21.3279
21.3279
21.3279
21.3276
21.3265
21.3193
21.3028
21.2642
21.214
21.1611
21.1106
21.058
20.9817
20.9007
20.8097
20.7102
20.5991
20.4883
20.3877
20.3003
20.2264
20.1655
20.1174
20.0812
20.0542
20.0334
20.0192
20.0083
20.003
20.0011
20.0005
20.0002
20
20
20
20
20
20
20
20
20
20
20
20
20
20
20
20
20
20
20
20
20
20
20
20
20
20
20
20
20
20
20
20
20
20
20
20
20
20
20
20.0012
20.007
20.0189
20.0475
20.0892
20.1438
20.2096
20.2893
20.3831
20.4889
20.6043
20.725
20.8456
20.957
21.0579
21.1341
21.2007
21.2545
21.3003
21.3256
21.3428
21.3639
21.3983
21.4283
21.4455
21.4496
21.4496
21.4496
21.4496
21.4496
21.4496
21.4496
21.4496
21.4496
21.4488
21.4463
21.4346
21.4133
21.3778
21.3405
21.3067
21.2613
21.2054
21.1312
21.0516
20.9535
20.838
20.7166
20.5991
20.4883
20.3877
20.3003
20.2264
20.1655
20.1157
20.0774
20.0439
20.022
20.0091
20.0041
20.0022
20.0008
20.0002
20
20
20
20
20
20
20
20
20
20
20
20
20
20
20
20
20
20
20
20
20
20
20
20
20
20
20
20
20
20
20
20
20
20
20
20
20
20.0026
20.0103
20.0258
20.0629
20.1186
20.1975
20.2865
20.3831
20.4889
20.6043
20.7253
20.8467
20.9642
21.0743
21.1732
21.2513
21.3144
21.3583
21.3983
21.4283
21.4469
21.4547
21.4672
21.4846
21.5037
21.5143
21.517
21.517
21.517
21.517
21.517
21.517
21.517
21.517
21.517
21.517
21.5157
21.5119
21.4994
21.4813
21.4596
21.4371
21.4121
21.3702
21.321
21.2568
21.1761
21.0744
20.9591
20.838
20.7166
20.5991
20.4883
20.3877
20.2989
20.2227
20.1513
20.0946
20.0494
20.0244
20.0131
20.0067
20.003
20.0008
20.0002
20
20
20
20
20
20
20
20
20
20
20
20
20
20
20
20
20
20
20
20
20
20
20
20
20
20
20
20
20
20
20
20
20
20
20
20.0042
20.0143
20.0358
20.0794
20.1439
20.246
20.3631
20.4848
20.6043
20.7253
20.8467
20.9642
21.0751
21.1757
21.263
21.3355
21.3941
21.4334
21.4631
21.4846
21.5037
21.5143
21.5187
21.5224
21.5313
21.5403
21.5463
21.5479
21.5479
21.5479
21.5479
21.5479
21.5479
21.5479
21.5479
21.5479
21.5479
21.5479
21.5462
21.5425
21.5336
21.5233
21.5135
21.4986
21.4785
21.4465
21.4074
21.3509
21.274
21.1802
21.0744
20.9591
20.838
20.7166
20.5983
20.4858
20.3746
20.2741
20.1758
20.1039
20.0583
20.0334
20.0192
20.0083
20.003
20.0008
20.0002
20
20
20
20
20
20
20
20
20
20
20
20
20
20
20
20
20
20
20
20
20
20
20
20
20
20
20
20
20
20
20
20
20
20.0056
20.0181
20.0486
20.0996
20.1717
20.2858
20.4227
20.5773
20.7197
20.8467
20.9642
21.0751
21.1757
21.263
21.3369
21.3979
21.4459
21.4805
21.5054
21.5197
21.5313
21.5403
21.5463
21.5479
21.5493
21.5518
21.5558
21.5584
21.5593
21.5593
21.5593
21.5593
21.5593
21.5593
21.5593
21.5593
21.5593
21.5593
21.5593
21.5593
21.5579
21.5554
21.5513
21.547
21.5425
21.5322
21.5187
21.4974
21.4657
21.4179
21.3537
21.274
21.1802
21.0744
20.9588
20.8369
20.7086
20.5794
20.4358
20.3062
20.1948
20.1213
20.0774
20.0439
20.022
20.0083
20.003
20.0008
20.0002
20
20
20
20
20
20
20
20
20
20
20
20
20
20
20
20
20
20
20
20
20
20
20
20
20
20
20
20
20
20
20
20.0064
20.0206
20.0603
20.1214
20.2083
20.3278
20.468
20.6441
20.8128
20.9577
21.0751
21.1757
21.263
21.3369
21.3979
21.4459
21.4822
21.5091
21.5286
21.5403
21.5477
21.5518
21.5558
21.5584
21.5593
21.5593
21.5601
21.5611
21.5622
21.5625
21.5625
21.5625
21.5625
21.5625
21.5625
21.5625
21.5625
21.5625
21.5625
21.5625
21.5625
21.5625
21.5617
21.5607
21.5596
21.5579
21.5554
21.5496
21.5419
21.5277
21.5034
21.4672
21.4179
21.3537
21.274
21.18
21.0713
20.9498
20.8027
20.6475
20.4768
20.3342
20.2292
20.1513
20.0946
20.048
20.022
20.0083
20.003
20.0008
20.0002
20
20
20
20
20
20
20
20
20
20
20
20
20
20
20
20
20
20
20
20
20
20
20
20
20
20
20
20
20
20.0064
20.0214
20.0674
20.1378
20.2469
20.378
20.5212
20.695
20.8703
21.0393
21.1687
21.263
21.3369
21.3979
21.4459
21.4822
21.5091
21.5286
21.5417
21.5502
21.5558
21.5584
21.5601
21.5611
21.5622
21.5625
21.5625
21.5625
21.5628
21.5631
21.5632
21.5632
21.5632
21.5632
21.5632
21.5632
21.5632
21.5632
21.5632
21.5632
21.5632
21.5632
21.5632
21.5632
21.5629
21.5627
21.5625
21.5617
21.5607
21.5582
21.5537
21.5445
21.5285
21.5034
21.4672
21.4179
21.353
21.2715
21.1653
21.038
20.8683
20.6922
20.5216
20.3815
20.2741
20.1741
20.1002
20.048
20.022
20.0083
20.0027
20.0006
20
20
20
20
20
20
20
20
20
20
20
20
20
20
20
20
20
20
20
20
20
20
20
20
20
20
20
20
20.0056
20.0206
20.0692
20.1454
20.2739
20.423
20.5866
20.7551
20.9158
21.0865
21.2277
21.3304
21.3979
21.4459
21.4822
21.5091
21.5286
21.5417
21.5502
21.5558
21.5592
21.5611
21.5622
21.5625
21.5628
21.5631
21.5632
21.5632
21.5632
21.5632
21.5633
21.5633
21.5633
21.5633
21.5633
21.5633
21.5633
21.5633
21.5633
21.5633
21.5633
21.5633
21.5633
21.5633
21.5633
21.5633
21.5632
21.5632
21.5632
21.5629
21.5627
21.5617
21.5593
21.554
21.5445
21.5285
21.5034
21.4669
21.4144
21.3429
21.2327
21.095
20.9182
20.7425
20.5859
20.4344
20.3024
20.1806
20.1002
20.048
20.0212
20.0072
20.0017
20.0002
20
20
20
20
20
20
20
20
20
20
20
20
20
20
20
20
20
20
20
20
20
20
20
20
20
20
20.0042
20.0181
20.0658
20.145
20.2848
20.4483
20.641
20.8208
20.9774
21.1276
21.2572
21.3685
21.4404
21.4822
21.5091
21.5286
21.5417
21.5502
21.5558
21.5592
21.5611
21.5622
21.5628
21.5631
21.5632
21.5632
21.5633
21.5633
21.5633
21.5633
21.5633
21.5633
21.5633
21.5633
21.5633
21.5633
21.5633
21.5633
21.5633
21.5633
21.5633
21.5633
21.5633
21.5633
21.5633
21.5633
21.5633
21.5633
21.5633
21.5633
21.5633
21.5632
21.5632
21.5629
21.5619
21.5593
21.554
21.5445
21.5281
21.502
21.4568
21.39
21.2773
21.1375
20.9767
20.8075
20.645
20.4637
20.3094
20.1806
20.0988
20.0455
20.0171
20.0046
20.0008
20.0002
20
20
20
20
20
20
20
20
20
20
20
20
20
20
20
20
20
20
20
20
20
20
20
20
20.0026
20.0143
20.057
20.1363
20.2817
20.4547
20.668
20.8656
21.0417
21.1818
21.2892
21.3875
21.4594
21.505
21.5286
21.5417
21.5502
21.5558
21.5592
21.5611
21.5622
21.5628
21.5631
21.5632
21.5633
21.5633
21.5633
21.5633
21.5633
21.5633
21.5633
21.5633
21.5633
21.5633
21.5633
21.5633
21.5633
21.5633
21.5633
21.5633
21.5633
21.5633
21.5633
21.5633
21.5633
21.5633
21.5633
21.5633
21.5633
21.5633
21.5633
21.5633
21.5633
21.5633
21.5633
21.5632
21.5629
21.5619
21.5593
21.554
21.5434
21.5246
21.4831
21.4187
21.3148
21.185
21.0411
20.8603
20.6733
20.4702
20.3077
20.1769
20.0899
20.0366
20.0111
20.003
20.0008
20.0002
20
20
20
20
20
20
20
20
20
20
20
20
20
20
20
20
20
20
20
20
20
20
20.0012
20.0103
20.0442
20.1188
20.2628
20.4452
20.6725
20.8819
21.0801
21.2291
21.3341
21.4121
21.4687
21.5139
21.5389
21.5502
21.5558
21.5592
21.5611
21.5622
21.5628
21.5631
21.5632
21.5633
21.5633
21.5633
21.5633
21.5633
21.5633
21.5633
21.5633
21.5633
21.5633
21.5633
21.5633
21.5633
21.5633
21.5633
21.5633
21.5633
21.5633
21.5633
21.5633
21.5633
21.5633
21.5633
21.5633
21.5633
21.5633
21.5633
21.5633
21.5633
21.5633
21.5633
21.5633
21.5633
21.5633
21.5633
21.5632
21.5629
21.5619
21.5593
21.5518
21.5372
21.5001
21.4411
21.3547
21.2324
21.086
20.8831
20.6775
20.4664
20.2952
20.1595
20.0708
20.0261
20.0083
20.0027
20.0006
20
20
20
20
20
20
20
20
20
20
20
20
20
20
20
20
20
20
20
20
20
20.0004
20.007
20.0313
20.0967
20.2281
20.4152
20.6561
20.8803
21.0918
21.2502
21.3685
21.4421
21.4859
21.5194
21.5414
21.5542
21.5592
21.5611
21.5622
21.5628
21.5631
21.5632
21.5633
21.5633
21.5633
21.5633
21.5633
21.5633
21.5633
21.5633
21.5633
21.5633
21.5633
21.5633
21.5633
21.5633
21.5633
21.5633
21.5633
21.5633
21.5633
21.5633
21.5633
21.5633
21.5633
21.5633
21.5633
21.5633
21.5633
21.5633
21.5633
21.5633
21.5633
21.5633
21.5633
21.5633
21.5633
21.5633
21.5633
21.5633
21.5633
21.5632
21.5629
21.5619
21.5562
21.544
21.5144
21.463
21.3891
21.2624
21.1024
20.8848
20.6658
20.4454
20.2608
20.1295
20.0536
20.0212
20.0072
20.0017
20.0002
20
20
20
20
20
20
20
20
20
20
20
20
20
20
20
20
20
20
20
20.0001
20.0045
20.0213
20.076
20.187
20.3671
20.6112
20.8575
21.0876
21.2539
21.3811
21.4594
21.505
21.53
21.5441
21.555
21.5603
21.5622
21.5628
21.5631
21.5632
21.5633
21.5633
21.5633
21.5633
21.5633
21.5633
21.5633
21.5633
21.5633
21.5633
21.5633
21.5633
21.5633
21.5633
21.5633
21.5633
21.5633
21.5633
21.5633
21.5633
21.5633
21.5633
21.5633
21.5633
21.5633
21.5633
21.5633
21.5633
21.5633
21.5633
21.5633
21.5633
21.5633
21.5633
21.5633
21.5633
21.5633
21.5633
21.5633
21.5633
21.5633
21.5633
21.5633
21.5632
21.5629
21.5588
21.5488
21.5272
21.4803
21.408
21.2718
21.0979
20.8684
20.6275
20.398
20.2159
20.1053
20.0455
20.0171
20.0043
20.0006
20
20
20
20
20
20
20
20
20
20
20
20
20
20
20
20
20
20
20
20.0026
20.0139
20.058
20.15
20.316
20.5452
20.8046
21.0592
21.2474
21.3827
21.4631
21.5139
21.5389
21.5502
21.5566
21.5603
21.5625
21.5631
21.5632
21.5633
21.5633
21.5633
21.5633
21.5633
21.5633
21.5633
21.5633
21.5633
21.5633
21.5633
21.5633
21.5633
21.5633
21.5633
21.5633
21.5633
21.5633
21.5633
21.5633
21.5633
21.5633
21.5633
21.5633
21.5633
21.5633
21.5633
21.5633
21.5633
21.5633
21.5633
21.5633
21.5633
21.5633
21.5633
21.5633
21.5633
21.5633
21.5633
21.5633
21.5633
21.5633
21.5633
21.5633
21.5633
21.5633
21.5633
21.5632
21.5607
21.5527
21.5361
21.489
21.4111
21.2655
21.0709
20.8236
20.5632
20.3435
20.1838
20.0899
20.0358
20.01
20.0017
20.0002
20
20
20
20
20
20
20
20
20
20
20
20
20
20
20
20
20
20.0012
20.0082
20.0405
20.1166
20.2688
20.4795
20.7369
21.0002
21.2181
21.3758
21.4631
21.5153
21.5414
21.5542
21.5592
21.5611
21.5625
21.5631
21.5633
21.5633
21.5633
21.5633
21.5633
21.5633
21.5633
21.5633
21.5633
21.5633
21.5633
21.5633
21.5633
21.5633
21.5633
21.5633
21.5633
21.5633
21.5633
21.5633
21.5633
21.5633
21.5633
21.5633
21.5633
21.5633
21.5633
21.5633
21.5633
21.5633
21.5633
21.5633
21.5633
21.5633
21.5633
21.5633
21.5633
21.5633
21.5633
21.5633
21.5633
21.5633
21.5633
21.5633
21.5633
21.5633
21.5633
21.5633
21.5633
21.5633
21.5633
21.5621
21.5551
21.5395
21.4894
21.4002
21.2402
21.0165
20.7573
20.5003
20.3017
20.1581
20.0683
20.0212
20.0046
20.0008
20.0002
20
20
20
20
20
20
20
20
20
20
20
20
20
20
20
20.0004
20.0039
20.024
20.0826
20.2164
20.4161
20.6734
20.9317
21.1653
21.3474
21.4566
21.5153
21.5414
21.555
21.5603
21.5622
21.5628
21.5631
21.5633
21.5633
21.5633
21.5633
21.5633
21.5633
21.5633
21.5633
21.5633
21.5633
21.5633
21.5633
21.5633
21.5633
21.5633
21.5633
21.5633
21.5633
21.5633
21.5633
21.5633
21.5633
21.5633
21.5633
21.5633
21.5633
21.5633
21.5633
21.5633
21.5633
21.5633
21.5633
21.5633
21.5633
21.5633
21.5633
21.5633
21.5633
21.5633
21.5633
21.5633
21.5633
21.5633
21.5633
21.5633
21.5633
21.5633
21.5633
21.5633
21.5633
21.5633
21.5633
21.5633
21.5629
21.5559
21.5377
21.4818
21.3732
21.1946
20.9497
20.6928
20.4493
20.2571
20.1192
20.0422
20.0111
20.0027
20.0005
20
20
20
20
20
20
20
20
20
20
20
20
20
20
20.0001
20.0015
20.0117
20.0507
20.1554
20.3396
20.6007
20.8678
21.1124
21.3025
21.4338
21.5097
21.5414
21.555
21.5603
21.5625
21.5631
21.5632
21.5633
21.5633
21.5633
21.5633
21.5633
21.5633
21.5633
21.5633
21.5633
21.5633
21.5633
21.5633
21.5633
21.5633
21.5633
21.5633
21.5633
21.5633
21.5633
21.5633
21.5633
21.5633
21.5633
21.5633
21.5633
21.5633
21.5633
21.5633
21.5633
21.5633
21.5633
21.5633
21.5633
21.5633
21.5633
21.5633
21.5633
21.5633
21.5633
21.5633
21.5633
21.5633
21.5633
21.5633
21.5633
21.5633
21.5633
21.5633
21.5633
21.5633
21.5633
21.5633
21.5633
21.5633
21.5633
21.5629
21.5551
21.5305
21.4651
21.3338
21.14
20.887
20.6279
20.3838
20.1948
20.0772
20.0253
20.0069
20.0014
20
20
20
20
20
20
20
20
20
20
20
20
20
20
20.0004
20.0047
20.0265
20.0972
20.2497
20.4975
20.7845
21.0589
21.2616
21.4038
21.4925
21.5373
21.555
21.5603
21.5625
21.5631
21.5633
21.5633
21.5633
21.5633
21.5633
21.5633
21.5633
21.5633
21.5633
21.5633
21.5633
21.5633
21.5633
21.5633
21.5633
21.5633
21.5633
21.5633
21.5633
21.5633
21.5633
21.5633
21.5633
21.5633
21.5633
21.5633
21.5633
21.5633
21.5633
21.5633
21.5633
21.5633
21.5633
21.5633
21.5633
21.5633
21.5633
21.5633
21.5633
21.5633
21.5633
21.5633
21.5633
21.5633
21.5633
21.5633
21.5633
21.5633
21.5633
21.5633
21.5633
21.5633
21.5633
21.5633
21.5633
21.5633
21.5633
21.5633
21.5621
21.5526
21.5186
21.4412
21.2907
21.0805
20.8134
20.5384
20.2966
20.1351
20.0503
20.0161
20.0032
20.0002
20
20
20
20
20
20
20
20
20
20
20
20
20.0001
20.0015
20.0119
20.0538
20.1644
20.3739
20.6618
20.9704
21.2142
21.3795
21.4734
21.5267
21.5522
21.5603
21.5625
21.5631
21.5633
21.5633
21.5633
21.5633
21.5633
21.5633
21.5633
21.5633
21.5633
21.5633
21.5633
21.5633
21.5633
21.5633
21.5633
21.5633
21.5633
21.5633
21.5633
21.5633
21.5633
21.5633
21.5633
21.5633
21.5633
21.5633
21.5633
21.5633
21.5633
21.5633
21.5633
21.5633
21.5633
21.5633
21.5633
21.5633
21.5633
21.5633
21.5633
21.5633
21.5633
21.5633
21.5633
21.5633
21.5633
21.5633
21.5633
21.5633
21.5633
21.5633
21.5633
21.5633
21.5633
21.5633
21.5633
21.5633
21.5633
21.5633
21.5633
21.5633
21.5607
21.5482
21.5036
21.411
21.239
20.9992
20.7073
20.4303
20.2172
20.0939
20.0318
20.0071
20.0006
20
20
20
20
20
20
20
20
20
20
20
20
20.0004
20.0047
20.0268
20.0983
20.2577
20.5164
20.8345
21.1273
21.341
21.458
21.5178
21.5462
21.5587
21.5625
21.5631
21.5633
21.5633
21.5633
21.5633
21.5633
21.5633
21.5633
21.5633
21.5633
21.5633
21.5633
21.5633
21.5633
21.5633
21.5633
21.5633
21.5633
21.5633
21.5633
21.5633
21.5633
21.5633
21.5633
21.5633
21.5633
21.5633
21.5633
21.5633
21.5633
21.5633
21.5633
21.5633
21.5633
21.5633
21.5633
21.5633
21.5633
21.5633
21.5633
21.5633
21.5633
21.5633
21.5633
21.5633
21.5633
21.5633
21.5633
21.5633
21.5633
21.5633
21.5633
21.5633
21.5633
21.5633
21.5633
21.5633
21.5633
21.5633
21.5633
21.5633
21.5633
21.5632
21.5587
21.5414
21.4839
21.3671
21.1612
20.8872
20.5847
20.3328
20.1562
20.0586
20.0141
20.0017
20.0002
20
20
20
20
20
20
20
20
20
20
20.0001
20.0015
20.0119
20.0538
20.1651
20.3763
20.6749
20.9952
21.2612
21.4268
21.5097
21.5422
21.5561
21.5617
21.5631
21.5633
21.5633
21.5633
21.5633
21.5633
21.5633
21.5633
21.5633
21.5633
21.5633
21.5633
21.5633
21.5633
21.5633
21.5633
21.5633
21.5633
21.5633
21.5633
21.5633
21.5633
21.5633
21.5633
21.5633
21.5633
21.5633
21.5633
21.5633
21.5633
21.5633
21.5633
21.5633
21.5633
21.5633
21.5633
21.5633
21.5633
21.5633
21.5633
21.5633
21.5633
21.5633
21.5633
21.5633
21.5633
21.5633
21.5633
21.5633
21.5633
21.5633
21.5633
21.5633
21.5633
21.5633
21.5633
21.5633
21.5633
21.5633
21.5633
21.5633
21.5633
21.5633
21.5633
21.5629
21.5556
21.5294
21.4517
21.3001
21.0547
20.7619
20.4692
20.2448
20.0976
20.0268
20.0043
20.0005
20
20
20
20
20
20
20
20
20
20
20.0004
20.0047
20.0268
20.098
20.2574
20.5176
20.8382
21.1415
21.362
21.4861
21.5373
21.555
21.5606
21.5628
21.5633
21.5633
21.5633
21.5633
21.5633
21.5633
21.5633
21.5633
21.5633
21.5633
21.5633
21.5633
21.5633
21.5633
21.5633
21.5633
21.5633
21.5633
21.5633
21.5633
21.5633
21.5633
21.5633
21.5633
21.5633
21.5633
21.5633
21.5633
21.5633
21.5633
21.5633
21.5633
21.5633
21.5633
21.5633
21.5633
21.5633
21.5633
21.5633
21.5633
21.5633
21.5633
21.5633
21.5633
21.5633
21.5633
21.5633
21.5633
21.5633
21.5633
21.5633
21.5633
21.5633
21.5633
21.5633
21.5633
21.5633
21.5633
21.5633
21.5633
21.5633
21.5633
21.5633
21.5633
21.5632
21.5619
21.5494
21.5084
21.4007
21.2109
20.9323
20.6308
20.3513
20.1545
20.0478
20.0097
20.0014
20
20
20
20
20
20
20
20
20
20.0001
20.0015
20.0119
20.053
20.164
20.3753
20.6746
20.9969
21.2649
21.4371
21.5211
21.5522
21.5603
21.5625
21.5632
21.5633
21.5633
21.5633
21.5633
21.5633
21.5633
21.5633
21.5633
21.5633
21.5633
21.5633
21.5633
21.5633
21.5633
21.5633
21.5633
21.5633
21.5633
21.5633
21.5633
21.5633
21.5633
21.5633
21.5633
21.5633
21.5633
21.5633
21.5633
21.5633
21.5633
21.5633
21.5633
21.5633
21.5633
21.5633
21.5633
21.5633
21.5633
21.5633
21.5633
21.5633
21.5633
21.5633
21.5633
21.5633
21.5633
21.5633
21.5633
21.5633
21.5633
21.5633
21.5633
21.5633
21.5633
21.5633
21.5633
21.5633
21.5633
21.5633
21.5633
21.5633
21.5633
21.5633
21.5633
21.5633
21.5629
21.5593
21.5376
21.4754
21.3297
21.0996
20.7901
20.4809
20.2292
20.0809
20.0202
20.0032
20.0002
20
20
20
20
20
20
20
20
20.0004
20.0047
20.0254
20.0955
20.2533
20.515
20.8374
21.1415
21.3634
21.4886
21.5421
21.5587
21.5625
21.5631
21.5633
21.5633
21.5633
21.5633
21.5633
21.5633
21.5633
21.5633
21.5633
21.5633
21.5633
21.5633
21.5633
21.5633
21.5633
21.5633
21.5633
21.5633
21.5633
21.5633
21.5633
21.5633
21.5633
21.5633
21.5633
21.5633
21.5633
21.5633
21.5633
21.5633
21.5633
21.5633
21.5633
21.5633
21.5633
21.5633
21.5633
21.5633
21.5633
21.5633
21.5633
21.5633
21.5633
21.5633
21.5633
21.5633
21.5633
21.5633
21.5633
21.5633
21.5633
21.5633
21.5633
21.5633
21.5633
21.5633
21.5633
21.5633
21.5633
21.5633
21.5633
21.5633
21.5633
21.5633
21.5633
21.5633
21.5633
21.5621
21.5542
21.5171
21.4249
21.2316
20.9528
20.6193
20.3254
20.1302
20.0373
20.0071
20.0005
20
20
20
20
20
20
20
20
20.0015
20.0103
20.0493
20.1548
20.366
20.6684
20.9953
21.2649
21.4371
21.5219
21.5533
21.5617
21.5631
21.5633
21.5633
21.5633
21.5633
21.5633
21.5633
21.5633
21.5633
21.5633
21.5633
21.5633
21.5633
21.5633
21.5633
21.5633
21.5633
21.5633
21.5633
21.5633
21.5633
21.5633
21.5633
21.5633
21.5633
21.5633
21.5633
21.5633
21.5633
21.5633
21.5633
21.5633
21.5633
21.5633
21.5633
21.5633
21.5633
21.5633
21.5633
21.5633
21.5633
21.5633
21.5633
21.5633
21.5633
21.5633
21.5633
21.5633
21.5633
21.5633
21.5633
21.5633
21.5633
21.5633
21.5633
21.5633
21.5633
21.5633
21.5633
21.5633
21.5633
21.5633
21.5633
21.5633
21.5633
21.5633
21.5633
21.5633
21.5633
21.5632
21.5597
21.5438
21.4813
21.3439
21.0929
20.7684
20.441
20.1966
20.065
20.0138
20.0013
20
20
20
20
20
20
20
20
20.0033
20.0217
20.0822
20.2346
20.4944
20.8263
21.1387
21.3634
21.4886
21.5421
21.559
21.5628
21.5633
21.5633
21.5633
21.5633
21.5633
21.5633
21.5633
21.5633
21.5633
21.5633
21.5633
21.5633
21.5633
21.5633
21.5633
21.5633
21.5633
21.5633
21.5633
21.5633
21.5633
21.5633
21.5633
21.5633
21.5633
21.5633
21.5633
21.5633
21.5633
21.5633
21.5633
21.5633
21.5633
21.5633
21.5633
21.5633
21.5633
21.5633
21.5633
21.5633
21.5633
21.5633
21.5633
21.5633
21.5633
21.5633
21.5633
21.5633
21.5633
21.5633
21.5633
21.5633
21.5633
21.5633
21.5633
21.5633
21.5633
21.5633
21.5633
21.5633
21.5633
21.5633
21.5633
21.5633
21.5633
21.5633
21.5633
21.5633
21.5633
21.5632
21.5626
21.5539
21.5212
21.4192
21.2199
20.9147
20.5711
20.2838
20.1038
20.0254
20.0029
20
20
20
20
20
20
20
20
20.0078
20.0362
20.1305
20.3262
20.6344
20.9768
21.2608
21.4371
21.5219
21.5533
21.5617
21.5632
21.5633
21.5633
21.5633
21.5633
21.5633
21.5633
21.5633
21.5633
21.5633
21.5633
21.5633
21.5633
21.5633
21.5633
21.5633
21.5633
21.5633
21.5633
21.5633
21.5633
21.5633
21.5633
21.5633
21.5633
21.5633
21.5633
21.5633
21.5633
21.5633
21.5633
21.5633
21.5633
21.5633
21.5633
21.5633
21.5633
21.5633
21.5633
21.5633
21.5633
21.5633
21.5633
21.5633
21.5633
21.5633
21.5633
21.5633
21.5633
21.5633
21.5633
21.5633
21.5633
21.5633
21.5633
21.5633
21.5633
21.5633
21.5633
21.5633
21.5633
21.5633
21.5633
21.5633
21.5633
21.5633
21.5633
21.5633
21.5633
21.5633
21.5633
21.5629
21.5601
21.5402
21.4767
21.3205
21.053
20.7129
20.3851
20.1577
20.0424
20.0058
20
20
20
20
20
20
20
20
20.0128
20.0607
20.1841
20.4331
20.7717
21.1131
21.3579
21.4886
21.5421
21.559
21.5628
21.5633
21.5633
21.5633
21.5633
21.5633
21.5633
21.5633
21.5633
21.5633
21.5633
21.5633
21.5633
21.5633
21.5633
21.5633
21.5633
21.5633
21.5633
21.5633
21.5633
21.5633
21.5633
21.5633
21.5633
21.5633
21.5633
21.5633
21.5633
21.5633
21.5633
21.5633
21.5633
21.5633
21.5633
21.5633
21.5633
21.5633
21.5633
21.5633
21.5633
21.5633
21.5633
21.5633
21.5633
21.5633
21.5633
21.5633
21.5633
21.5633
21.5633
21.5633
21.5633
21.5633
21.5633
21.5633
21.5633
21.5633
21.5633
21.5633
21.5633
21.5633
21.5633
21.5633
21.5633
21.5633
21.5633
21.5633
21.5633
21.5633
21.5633
21.5633
21.5632
21.5618
21.5528
21.5122
21.3998
21.1781
20.8507
20.503
20.2226
20.0669
20.0101
20.0002
20
20
20
20
20
20
20
20.0229
20.0858
20.2527
20.5379
20.9048
21.2272
21.4307
21.5219
21.5533
21.5617
21.5632
21.5633
21.5633
21.5633
21.5633
21.5633
21.5633
21.5633
21.5633
21.5633
21.5633
21.5633
21.5633
21.5633
21.5633
21.5633
21.5633
21.5633
21.5633
21.5633
21.5633
21.5633
21.5633
21.5633
21.5633
21.5633
21.5633
21.5633
21.5633
21.5633
21.5633
21.5633
21.5633
21.5633
21.5633
21.5633
21.5633
21.5633
21.5633
21.5633
21.5633
21.5633
21.5633
21.5633
21.5633
21.5633
21.5633
21.5633
21.5633
21.5633
21.5633
21.5633
21.5633
21.5633
21.5633
21.5633
21.5633
21.5633
21.5633
21.5633
21.5633
21.5633
21.5633
21.5633
21.5633
21.5633
21.5633
21.5633
21.5633
21.5633
21.5633
21.5633
21.5633
21.5629
21.5584
21.535
21.4588
21.2788
20.9863
20.6212
20.3007
20.0973
20.0168
20.0005
20
20
20
20
20
20
20
20.0319
20.1215
20.3177
20.6484
21.0201
21.3201
21.4816
21.5421
21.559
21.5628
21.5633
21.5633
21.5633
21.5633
21.5633
21.5633
21.5633
21.5633
21.5633
21.5633
21.5633
21.5633
21.5633
21.5633
21.5633
21.5633
21.5633
21.5633
21.5633
21.5633
21.5633
21.5633
21.5633
21.5633
21.5633
21.5633
21.5633
21.5633
21.5633
21.5633
21.5633
21.5633
21.5633
21.5633
21.5633
21.5633
21.5633
21.5633
21.5633
21.5633
21.5633
21.5633
21.5633
21.5633
21.5633
21.5633
21.5633
21.5633
21.5633
21.5633
21.5633
21.5633
21.5633
21.5633
21.5633
21.5633
21.5633
21.5633
21.5633
21.5633
21.5633
21.5633
21.5633
21.5633
21.5633
21.5633
21.5633
21.5633
21.5633
21.5633
21.5633
21.5633
21.5633
21.5632
21.5611
21.5489
21.4967
21.3628
21.0988
20.7428
20.3817
20.1352
20.0259
20.0013
20
20
20
20
20
20
20
20.0461
20.153
20.3927
20.745
21.1233
21.3899
21.5155
21.5533
21.5617
21.5632
21.5633
21.5633
21.5633
21.5633
21.5633
21.5633
21.5633
21.5633
21.5633
21.5633
21.5633
21.5633
21.5633
21.5633
21.5633
21.5633
21.5633
21.5633
21.5633
21.5633
21.5633
21.5633
21.5633
21.5633
21.5633
21.5633
21.5633
21.5633
21.5633
21.5633
21.5633
21.5633
21.5633
21.5633
21.5633
21.5633
21.5633
21.5633
21.5633
21.5633
21.5633
21.5633
21.5633
21.5633
21.5633
21.5633
21.5633
21.5633
21.5633
21.5633
21.5633
21.5633
21.5633
21.5633
21.5633
21.5633
21.5633
21.5633
21.5633
21.5633
21.5633
21.5633
21.5633
21.5633
21.5633
21.5633
21.5633
21.5633
21.5633
21.5633
21.5633
21.5633
21.5633
21.5632
21.5626
21.5552
21.5238
21.4184
21.1985
20.8476
20.4685
20.1776
20.0389
20.0029
20
20
20
20
20
20
20
20.0578
20.1939
20.4585
20.841
21.2055
21.4426
21.5365
21.559
21.5628
21.5633
21.5633
21.5633
21.5633
21.5633
21.5633
21.5633
21.5633
21.5633
21.5633
21.5633
21.5633
21.5633
21.5633
21.5633
21.5633
21.5633
21.5633
21.5633
21.5633
21.5633
21.5633
21.5633
21.5633
21.5633
21.5633
21.5633
21.5633
21.5633
21.5633
21.5633
21.5633
21.5633
21.5633
21.5633
21.5633
21.5633
21.5633
21.5633
21.5633
21.5633
21.5633
21.5633
21.5633
21.5633
21.5633
21.5633
21.5633
21.5633
21.5633
21.5633
21.5633
21.5633
21.5633
21.5633
21.5633
21.5633
21.5633
21.5633
21.5633
21.5633
21.5633
21.5633
21.5633
21.5633
21.5633
21.5633
21.5633
21.5633
21.5633
21.5633
21.5633
21.5633
21.5633
21.5633
21.5629
21.5595
21.5369
21.4619
21.2684
20.9462
20.55
20.2278
20.0559
20.0057
20
20
20
20
20
20
20
20.0767
20.2314
20.5329
20.922
21.2765
21.4793
21.5492
21.5617
21.5632
21.5633
21.5633
21.5633
21.5633
21.5633
21.5633
21.5633
21.5633
21.5633
21.5633
21.5633
21.5633
21.5633
21.5633
21.5633
21.5633
21.5633
21.5633
21.5633
21.5633
21.5633
21.5633
21.5633
21.5633
21.5633
21.5633
21.5633
21.5633
21.5633
21.5633
21.5633
21.5633
21.5633
21.5633
21.5633
21.5633
21.5633
21.5633
21.5633
21.5633
21.5633
21.5633
21.5633
21.5633
21.5633
21.5633
21.5633
21.5633
21.5633
21.5633
21.5633
21.5633
21.5633
21.5633
21.5633
21.5633
21.5633
21.5633
21.5633
21.5633
21.5633
21.5633
21.5633
21.5633
21.5633
21.5633
21.5633
21.5633
21.5633
21.5633
21.5633
21.5633
21.5633
21.5633
21.5633
21.5631
21.5606
21.5466
21.4852
21.3284
21.0246
20.6357
20.2822
20.0786
20.0098
20
20
20
20
20
20
20
20.0955
20.2814
20.6013
21.0028
21.3318
21.5061
21.5562
21.5628
21.5633
21.5633
21.5633
21.5633
21.5633
21.5633
21.5633
21.5633
21.5633
21.5633
21.5633
21.5633
21.5633
21.5633
21.5633
21.5633
21.5633
21.5633
21.5633
21.5633
21.5633
21.5633
21.5633
21.5633
21.5633
21.5633
21.5633
21.5633
21.5633
21.5633
21.5633
21.5633
21.5633
21.5633
21.5633
21.5633
21.5633
21.5633
21.5633
21.5633
21.5633
21.5633
21.5633
21.5633
21.5633
21.5633
21.5633
21.5633
21.5633
21.5633
21.5633
21.5633
21.5633
21.5633
21.5633
21.5633
21.5633
21.5633
21.5633
21.5633
21.5633
21.5633
21.5633
21.5633
21.5633
21.5633
21.5633
21.5633
21.5633
21.5633
21.5633
21.5633
21.5633
21.5633
21.5633
21.5633
21.5631
21.5617
21.5502
21.5056
21.3686
21.1017
20.7158
20.3452
20.1056
20.0154
20
20
20
20
20
20
20
20.124
20.3298
20.6782
21.0729
21.38
21.5242
21.5601
21.5632
21.5633
21.5633
21.5633
21.5633
21.5633
21.5633
21.5633
21.5633
21.5633
21.5633
21.5633
21.5633
21.5633
21.5633
21.5633
21.5633
21.5633
21.5633
21.5633
21.5633
21.5633
21.5633
21.5633
21.5633
21.5633
21.5633
21.5633
21.5633
21.5633
21.5633
21.5633
21.5633
21.5633
21.5633
21.5633
21.5633
21.5633
21.5633
21.5633
21.5633
21.5633
21.5633
21.5633
21.5633
21.5633
21.5633
21.5633
21.5633
21.5633
21.5633
21.5633
21.5633
21.5633
21.5633
21.5633
21.5633
21.5633
21.5633
21.5633
21.5633
21.5633
21.5633
21.5633
21.5633
21.5633
21.5633
21.5633
21.5633
21.5633
21.5633
21.5633
21.5633
21.5633
21.5633
21.5633
21.5633
21.5632
21.5619
21.5544
21.5172
21.4089
21.1649
20.8004
20.4089
20.1367
20.0218
20
20
20
20
20
20
20
20.1493
20.3859
20.7469
21.1409
21.4183
21.5374
21.5619
21.5633
21.5633
21.5633
21.5633
21.5633
21.5633
21.5633
21.5633
21.5633
21.5633
21.5633
21.5633
21.5633
21.5633
21.5633
21.5633
21.5633
21.5633
21.5633
21.5633
21.5633
21.5633
21.5633
21.5633
21.5633
21.5633
21.5633
21.5633
21.5633
21.5633
21.5633
21.5633
21.5633
21.5633
21.5633
21.5633
21.5633
21.5633
21.5633
21.5633
21.5633
21.5633
21.5633
21.5633
21.5633
21.5633
21.5633
21.5633
21.5633
21.5633
21.5633
21.5633
21.5633
21.5633
21.5633
21.5633
21.5633
21.5633
21.5633
21.5633
21.5633
21.5633
21.5633
21.5633
21.5633
21.5633
21.5633
21.5633
21.5633
21.5633
21.5633
21.5633
21.5633
21.5633
21.5633
21.5633
21.5633
21.5632
21.5626
21.5566
21.5306
21.438
21.2285
20.8745
20.4741
20.1676
20.0288
20
20
20
20
20
20
20
20.1763
20.4307
20.8126
21.1962
21.4507
21.5465
21.5628
21.5633
21.5633
21.5633
21.5633
21.5633
21.5633
21.5633
21.5633
21.5633
21.5633
21.5633
21.5633
21.5633
21.5633
21.5633
21.5633
21.5633
21.5633
21.5633
21.5633
21.5633
21.5633
21.5633
21.5633
21.5633
21.5633
21.5633
21.5633
21.5633
21.5633
21.5633
21.5633
21.5633
21.5633
21.5633
21.5633
21.5633
21.5633
21.5633
21.5633
21.5633
21.5633
21.5633
21.5633
21.5633
21.5633
21.5633
21.5633
21.5633
21.5633
21.5633
21.5633
21.5633
21.5633
21.5633
21.5633
21.5633
21.5633
21.5633
21.5633
21.5633
21.5633
21.5633
21.5633
21.5633
21.5633
21.5633
21.5633
21.5633
21.5633
21.5633
21.5633
21.5633
21.5633
21.5633
21.5633
21.5633
21.5633
21.5629
21.5595
21.5386
21.4664
21.2757
20.943
20.5296
20.1968
20.0353
20
20
20
20
20
20
20
20.1927
20.469
20.86
21.242
21.4746
21.5532
21.5632
21.5633
21.5633
21.5633
21.5633
21.5633
21.5633
21.5633
21.5633
21.5633
21.5633
21.5633
21.5633
21.5633
21.5633
21.5633
21.5633
21.5633
21.5633
21.5633
21.5633
21.5633
21.5633
21.5633
21.5633
21.5633
21.5633
21.5633
21.5633
21.5633
21.5633
21.5633
21.5633
21.5633
21.5633
21.5633
21.5633
21.5633
21.5633
21.5633
21.5633
21.5633
21.5633
21.5633
21.5633
21.5633
21.5633
21.5633
21.5633
21.5633
21.5633
21.5633
21.5633
21.5633
21.5633
21.5633
21.5633
21.5633
21.5633
21.5633
21.5633
21.5633
21.5633
21.5633
21.5633
21.5633
21.5633
21.5633
21.5633
21.5633
21.5633
21.5633
21.5633
21.5633
21.5633
21.5633
21.5633
21.5633
21.5633
21.5631
21.5606
21.5458
21.4827
21.3149
20.9914
20.5756
20.22
20.0409
20
20
20
20
20
20
20
20.2043
20.4901
20.8944
21.272
21.4921
21.5576
21.5633
21.5633
21.5633
21.5633
21.5633
21.5633
21.5633
21.5633
21.5633
21.5633
21.5633
21.5633
21.5633
21.5633
21.5633
21.5633
21.5633
21.5633
21.5633
21.5633
21.5633
21.5633
21.5633
21.5633
21.5633
21.5633
21.5633
21.5633
21.5633
21.5633
21.5633
21.5633
21.5633
21.5633
21.5633
21.5633
21.5633
21.5633
21.5633
21.5633
21.5633
21.5633
21.5633
21.5633
21.5633
21.5633
21.5633
21.5633
21.5633
21.5633
21.5633
21.5633
21.5633
21.5633
21.5633
21.5633
21.5633
21.5633
21.5633
21.5633
21.5633
21.5633
21.5633
21.5633
21.5633
21.5633
21.5633
21.5633
21.5633
21.5633
21.5633
21.5633
21.5633
21.5633
21.5633
21.5633
21.5633
21.5633
21.5633
21.5631
21.5614
21.5483
21.4944
21.3359
21.0261
20.6059
20.2373
20.045
20
20
20
20
20
20
20
20.2081
20.5026
20.9117
21.2911
21.5026
21.5604
21.5633
21.5633
21.5633
21.5633
21.5633
21.5633
21.5633
21.5633
21.5633
21.5633
21.5633
21.5633
21.5633
21.5633
21.5633
21.5633
21.5633
21.5633
21.5633
21.5633
21.5633
21.5633
21.5633
21.5633
21.5633
21.5633
21.5633
21.5633
21.5633
21.5633
21.5633
21.5633
21.5633
21.5633
21.5633
21.5633
21.5633
21.5633
21.5633
21.5633
21.5633
21.5633
21.5633
21.5633
21.5633
21.5633
21.5633
21.5633
21.5633
21.5633
21.5633
21.5633
21.5633
21.5633
21.5633
21.5633
21.5633
21.5633
21.5633
21.5633
21.5633
21.5633
21.5633
21.5633
21.5633
21.5633
21.5633
21.5633
21.5633
21.5633
21.5633
21.5633
21.5633
21.5633
21.5633
21.5633
21.5633
21.5633
21.5633
21.5631
21.5614
21.5497
21.4982
21.3484
21.0434
20.6251
20.2478
20.0478
20
20
20
20
20
20
20
20.2097
20.5063
20.9206
21.3
21.5086
21.562
21.5633
21.5633
21.5633
21.5633
21.5633
21.5633
21.5633
21.5633
21.5633
21.5633
21.5633
21.5633
21.5633
21.5633
21.5633
21.5633
21.5633
21.5633
21.5633
21.5633
21.5633
21.5633
21.5633
21.5633
21.5633
21.5633
21.5633
21.5633
21.5633
21.5633
21.5633
21.5633
21.5633
21.5633
21.5633
21.5633
21.5633
21.5633
21.5633
21.5633
21.5633
21.5633
21.5633
21.5633
21.5633
21.5633
21.5633
21.5633
21.5633
21.5633
21.5633
21.5633
21.5633
21.5633
21.5633
21.5633
21.5633
21.5633
21.5633
21.5633
21.5633
21.5633
21.5633
21.5633
21.5633
21.5633
21.5633
21.5633
21.5633
21.5633
21.5633
21.5633
21.5633
21.5633
21.5633
21.5633
21.5633
21.5633
21.5633
21.5631
21.5614
21.5497
21.4998
21.3522
21.0523
20.634
20.2539
20.0493
20
20
20
20
20
20
20
20.2097
20.5077
20.9231
21.3041
21.5113
21.5628
21.5633
21.5633
21.5633
21.5633
21.5633
21.5633
21.5633
21.5633
21.5633
21.5633
21.5633
21.5633
21.5633
21.5633
21.5633
21.5633
21.5633
21.5633
21.5633
21.5633
21.5633
21.5633
21.5633
21.5633
21.5633
21.5633
21.5633
21.5633
21.5633
21.5633
21.5633
21.5633
21.5633
21.5633
21.5633
21.5633
21.5633
21.5633
21.5633
21.5633
21.5633
21.5633
21.5633
21.5633
21.5633
21.5633
21.5633
21.5633
21.5633
21.5633
21.5633
21.5633
21.5633
21.5633
21.5633
21.5633
21.5633
21.5633
21.5633
21.5633
21.5633
21.5633
21.5633
21.5633
21.5633
21.5633
21.5633
21.5633
21.5633
21.5633
21.5633
21.5633
21.5633
21.5633
21.5633
21.5633
21.5633
21.5633
21.5633
21.5631
21.5614
21.5497
21.4998
21.3536
21.0548
20.6381
20.2565
20.0502
20
20
20
20
20
20
20
20.2097
20.5077
20.9239
21.3051
21.5123
21.5631
21.5633
21.5633
21.5633
21.5633
21.5633
21.5633
21.5633
21.5633
21.5633
21.5633
21.5633
21.5633
21.5633
21.5633
21.5633
21.5633
21.5633
21.5633
21.5633
21.5633
21.5633
21.5633
21.5633
21.5633
21.5633
21.5633
21.5633
21.5633
21.5633
21.5633
21.5633
21.5633
21.5633
21.5633
21.5633
21.5633
21.5633
21.5633
21.5633
21.5633
21.5633
21.5633
21.5633
21.5633
21.5633
21.5633
21.5633
21.5633
21.5633
21.5633
21.5633
21.5633
21.5633
21.5633
21.5633
21.5633
21.5633
21.5633
21.5633
21.5633
21.5633
21.5633
21.5633
21.5633
21.5633
21.5633
21.5633
21.5633
21.5633
21.5633
21.5633
21.5633
21.5633
21.5633
21.5633
21.5633
21.5633
21.5633
21.5633
21.5631
21.5614
21.5497
21.4998
21.3536
21.0556
20.6391
20.2575
20.0505
20
20
20
20
20
20
20
20.2097
20.5077
20.9239
21.3051
21.5123
21.5631
21.5633
21.5633
21.5633
21.5633
21.5633
21.5633
21.5633
21.5633
21.5633
21.5633
21.5633
21.5633
21.5633
21.5633
21.5633
21.5633
21.5633
21.5633
21.5633
21.5633
21.5633
21.5633
21.5633
21.5633
21.5633
21.5633
21.5633
21.5633
21.5633
21.5633
21.5633
21.5633
21.5633
21.5633
21.5633
21.5633
21.5633
21.5633
21.5633
21.5633
21.5633
21.5633
21.5633
21.5633
21.5633
21.5633
21.5633
21.5633
21.5633
21.5633
21.5633
21.5633
21.5633
21.5633
21.5633
21.5633
21.5633
21.5633
21.5633
21.5633
21.5633
21.5633
21.5633
21.5633
21.5633
21.5633
21.5633
21.5633
21.5633
21.5633
21.5633
21.5633
21.5633
21.5633
21.5633
21.5633
21.5633
21.5633
21.5633
21.5631
21.5614
21.5497
21.4998
21.3536
21.0556
20.6391
20.2575
20.0505
20
20
20
20
20
20
20
20.2097
20.5077
20.9231
21.3041
21.5113
21.5628
21.5633
21.5633
21.5633
21.5633
21.5633
21.5633
21.5633
21.5633
21.5633
21.5633
21.5633
21.5633
21.5633
21.5633
21.5633
21.5633
21.5633
21.5633
21.5633
21.5633
21.5633
21.5633
21.5633
21.5633
21.5633
21.5633
21.5633
21.5633
21.5633
21.5633
21.5633
21.5633
21.5633
21.5633
21.5633
21.5633
21.5633
21.5633
21.5633
21.5633
21.5633
21.5633
21.5633
21.5633
21.5633
21.5633
21.5633
21.5633
21.5633
21.5633
21.5633
21.5633
21.5633
21.5633
21.5633
21.5633
21.5633
21.5633
21.5633
21.5633
21.5633
21.5633
21.5633
21.5633
21.5633
21.5633
21.5633
21.5633
21.5633
21.5633
21.5633
21.5633
21.5633
21.5633
21.5633
21.5633
21.5633
21.5633
21.5633
21.5631
21.5614
21.5497
21.4998
21.3536
21.0548
20.6381
20.2565
20.0502
20
20
20
20
20
20
20
20.2097
20.5063
20.9206
21.3
21.5086
21.562
21.5633
21.5633
21.5633
21.5633
21.5633
21.5633
21.5633
21.5633
21.5633
21.5633
21.5633
21.5633
21.5633
21.5633
21.5633
21.5633
21.5633
21.5633
21.5633
21.5633
21.5633
21.5633
21.5633
21.5633
21.5633
21.5633
21.5633
21.5633
21.5633
21.5633
21.5633
21.5633
21.5633
21.5633
21.5633
21.5633
21.5633
21.5633
21.5633
21.5633
21.5633
21.5633
21.5633
21.5633
21.5633
21.5633
21.5633
21.5633
21.5633
21.5633
21.5633
21.5633
21.5633
21.5633
21.5633
21.5633
21.5633
21.5633
21.5633
21.5633
21.5633
21.5633
21.5633
21.5633
21.5633
21.5633
21.5633
21.5633
21.5633
21.5633
21.5633
21.5633
21.5633
21.5633
21.5633
21.5633
21.5633
21.5633
21.5633
21.5631
21.5614
21.5497
21.4998
21.3522
21.0523
20.634
20.2539
20.0493
20
20
20
20
20
20
20
20.2081
20.5026
20.9117
21.2911
21.5026
21.5603
21.5633
21.5633
21.5633
21.5633
21.5633
21.5633
21.5633
21.5633
21.5633
21.5633
21.5633
21.5633
21.5633
21.5633
21.5633
21.5633
21.5633
21.5633
21.5633
21.5633
21.5633
21.5633
21.5633
21.5633
21.5633
21.5633
21.5633
21.5633
21.5633
21.5633
21.5633
21.5633
21.5633
21.5633
21.5633
21.5633
21.5633
21.5633
21.5633
21.5633
21.5633
21.5633
21.5633
21.5633
21.5633
21.5633
21.5633
21.5633
21.5633
21.5633
21.5633
21.5633
21.5633
21.5633
21.5633
21.5633
21.5633
21.5633
21.5633
21.5633
21.5633
21.5633
21.5633
21.5633
21.5633
21.5633
21.5633
21.5633
21.5633
21.5633
21.5633
21.5633
21.5633
21.5633
21.5633
21.5633
21.5633
21.5633
21.5633
21.5631
21.5614
21.5497
21.4982
21.3484
21.0434
20.625
20.2478
20.0478
20
20
20
20
20
20
20
20.2043
20.4901
20.8944
21.272
21.4918
21.5573
21.5632
21.5633
21.5633
21.5633
21.5633
21.5633
21.5633
21.5633
21.5633
21.5633
21.5633
21.5633
21.5633
21.5633
21.5633
21.5633
21.5633
21.5633
21.5633
21.5633
21.5633
21.5633
21.5633
21.5633
21.5633
21.5633
21.5633
21.5633
21.5633
21.5633
21.5633
21.5633
21.5633
21.5633
21.5633
21.5633
21.5633
21.5633
21.5633
21.5633
21.5633
21.5633
21.5633
21.5633
21.5633
21.5633
21.5633
21.5633
21.5633
21.5633
21.5633
21.5633
21.5633
21.5633
21.5633
21.5633
21.5633
21.5633
21.5633
21.5633
21.5633
21.5633
21.5633
21.5633
21.5633
21.5633
21.5633
21.5633
21.5633
21.5633
21.5633
21.5633
21.5633
21.5633
21.5633
21.5633
21.5633
21.5633
21.5633
21.5631
21.5614
21.5483
21.4944
21.3359
21.0258
20.6056
20.2371
20.045
20
20
20
20
20
20
20
20.1927
20.469
20.86
21.2412
21.4735
21.5521
21.5628
21.5633
21.5633
21.5633
21.5633
21.5633
21.5633
21.5633
21.5633
21.5633
21.5633
21.5633
21.5633
21.5633
21.5633
21.5633
21.5633
21.5633
21.5633
21.5633
21.5633
21.5633
21.5633
21.5633
21.5633
21.5633
21.5633
21.5633
21.5633
21.5633
21.5633
21.5633
21.5633
21.5633
21.5633
21.5633
21.5633
21.5633
21.5633
21.5633
21.5633
21.5633
21.5633
21.5633
21.5633
21.5633
21.5633
21.5633
21.5633
21.5633
21.5633
21.5633
21.5633
21.5633
21.5633
21.5633
21.5633
21.5633
21.5633
21.5633
21.5633
21.5633
21.5633
21.5633
21.5633
21.5633
21.5633
21.5633
21.5633
21.5633
21.5633
21.5633
21.5633
21.5633
21.5633
21.5633
21.5633
21.5633
21.5633
21.5631
21.5606
21.5458
21.4827
21.3141
20.9903
20.5745
20.2196
20.0409
20
20
20
20
20
20
20
20.1763
20.4307
20.8112
21.1938
21.4466
21.5439
21.5619
21.5633
21.5633
21.5633
21.5633
21.5633
21.5633
21.5633
21.5633
21.5633
21.5633
21.5633
21.5633
21.5633
21.5633
21.5633
21.5633
21.5633
21.5633
21.5633
21.5633
21.5633
21.5633
21.5633
21.5633
21.5633
21.5633
21.5633
21.5633
21.5633
21.5633
21.5633
21.5633
21.5633
21.5633
21.5633
21.5633
21.5633
21.5633
21.5633
21.5633
21.5633
21.5633
21.5633
21.5633
21.5633
21.5633
21.5633
21.5633
21.5633
21.5633
21.5633
21.5633
21.5633
21.5633
21.5633
21.5633
21.5633
21.5633
21.5633
21.5633
21.5633
21.5633
21.5633
21.5633
21.5633
21.5633
21.5633
21.5633
21.5633
21.5633
21.5633
21.5633
21.5633
21.5633
21.5633
21.5633
21.5633
21.5633
21.5629
21.5595
21.5386
21.465
21.2733
20.9389
20.527
20.1959
20.0353
20
20
20
20
20
20
20
20.1493
20.3843
20.7432
21.132
21.4094
21.5311
21.5601
21.5632
21.5633
21.5633
21.5633
21.5633
21.5633
21.5633
21.5633
21.5633
21.5633
21.5633
21.5633
21.5633
21.5633
21.5633
21.5633
21.5633
21.5633
21.5633
21.5633
21.5633
21.5633
21.5633
21.5633
21.5633
21.5633
21.5633
21.5633
21.5633
21.5633
21.5633
21.5633
21.5633
21.5633
21.5633
21.5633
21.5633
21.5633
21.5633
21.5633
21.5633
21.5633
21.5633
21.5633
21.5633
21.5633
21.5633
21.5633
21.5633
21.5633
21.5633
21.5633
21.5633
21.5633
21.5633
21.5633
21.5633
21.5633
21.5633
21.5633
21.5633
21.5633
21.5633
21.5633
21.5633
21.5633
21.5633
21.5633
21.5633
21.5633
21.5633
21.5633
21.5633
21.5633
21.5633
21.5633
21.5633
21.5632
21.5626
21.5566
21.529
21.4342
21.2193
20.8653
20.468
20.166
20.0288
20
20
20
20
20
20
20
20.1226
20.3261
20.6657
21.0556
21.3601
21.5125
21.5562
21.5628
21.5633
21.5633
21.5633
21.5633
21.5633
21.5633
21.5633
21.5633
21.5633
21.5633
21.5633
21.5633
21.5633
21.5633
21.5633
21.5633
21.5633
21.5633
21.5633
21.5633
21.5633
21.5633
21.5633
21.5633
21.5633
21.5633
21.5633
21.5633
21.5633
21.5633
21.5633
21.5633
21.5633
21.5633
21.5633
21.5633
21.5633
21.5633
21.5633
21.5633
21.5633
21.5633
21.5633
21.5633
21.5633
21.5633
21.5633
21.5633
21.5633
21.5633
21.5633
21.5633
21.5633
21.5633
21.5633
21.5633
21.5633
21.5633
21.5633
21.5633
21.5633
21.5633
21.5633
21.5633
21.5633
21.5633
21.5633
21.5633
21.5633
21.5633
21.5633
21.5633
21.5633
21.5633
21.5633
21.5633
21.5632
21.5619
21.553
21.5135
21.3956
21.1464
20.7801
20.398
20.1339
20.0218
20
20
20
20
20
20
20
20.0931
20.2697
20.5803
20.967
21.2993
21.4848
21.5492
21.5617
21.5632
21.5633
21.5633
21.5633
21.5633
21.5633
21.5633
21.5633
21.5633
21.5633
21.5633
21.5633
21.5633
21.5633
21.5633
21.5633
21.5633
21.5633
21.5633
21.5633
21.5633
21.5633
21.5633
21.5633
21.5633
21.5633
21.5633
21.5633
21.5633
21.5633
21.5633
21.5633
21.5633
21.5633
21.5633
21.5633
21.5633
21.5633
21.5633
21.5633
21.5633
21.5633
21.5633
21.5633
21.5633
21.5633
21.5633
21.5633
21.5633
21.5633
21.5633
21.5633
21.5633
21.5633
21.5633
21.5633
21.5633
21.5633
21.5633
21.5633
21.5633
21.5633
21.5633
21.5633
21.5633
21.5633
21.5633
21.5633
21.5633
21.5633
21.5633
21.5633
21.5633
21.5633
21.5633
21.5633
21.5631
21.5609
21.5477
21.4925
21.3447
21.063
20.683
20.3272
20.1015
20.0154
20
20
20
20
20
20
20
20.0694
20.215
20.4929
20.871
21.2227
21.4467
21.5365
21.559
21.5628
21.5633
21.5633
21.5633
21.5633
21.5633
21.5633
21.5633
21.5633
21.5633
21.5633
21.5633
21.5633
21.5633
21.5633
21.5633
21.5633
21.5633
21.5633
21.5633
21.5633
21.5633
21.5633
21.5633
21.5633
21.5633
21.5633
21.5633
21.5633
21.5633
21.5633
21.5633
21.5633
21.5633
21.5633
21.5633
21.5633
21.5633
21.5633
21.5633
21.5633
21.5633
21.5633
21.5633
21.5633
21.5633
21.5633
21.5633
21.5633
21.5633
21.5633
21.5633
21.5633
21.5633
21.5633
21.5633
21.5633
21.5633
21.5633
21.5633
21.5633
21.5633
21.5633
21.5633
21.5633
21.5633
21.5633
21.5633
21.5633
21.5633
21.5633
21.5633
21.5633
21.5633
21.5633
21.5633
21.5629
21.5595
21.5377
21.4643
21.2801
20.9673
20.5844
20.2578
20.0731
20.0098
20
20
20
20
20
20
20
20.0498
20.1655
20.4101
20.7641
21.1339
21.3927
21.5155
21.5533
21.5617
21.5632
21.5633
21.5633
21.5633
21.5633
21.5633
21.5633
21.5633
21.5633
21.5633
21.5633
21.5633
21.5633
21.5633
21.5633
21.5633
21.5633
21.5633
21.5633
21.5633
21.5633
21.5633
21.5633
21.5633
21.5633
21.5633
21.5633
21.5633
21.5633
21.5633
21.5633
21.5633
21.5633
21.5633
21.5633
21.5633
21.5633
21.5633
21.5633
21.5633
21.5633
21.5633
21.5633
21.5633
21.5633
21.5633
21.5633
21.5633
21.5633
21.5633
21.5633
21.5633
21.5633
21.5633
21.5633
21.5633
21.5633
21.5633
21.5633
21.5633
21.5633
21.5633
21.5633
21.5633
21.5633
21.5633
21.5633
21.5633
21.5633
21.5633
21.5633
21.5633
21.5633
21.5633
21.5632
21.5626
21.5552
21.5238
21.4198
21.2022
20.8601
20.4858
20.1967
20.0494
20.0057
20
20
20
20
20
20
20
20.0336
20.1252
20.3266
20.6573
21.0261
21.3217
21.4816
21.5421
21.559
21.5628
21.5633
21.5633
21.5633
21.5633
21.5633
21.5633
21.5633
21.5633
21.5633
21.5633
21.5633
21.5633
21.5633
21.5633
21.5633
21.5633
21.5633
21.5633
21.5633
21.5633
21.5633
21.5633
21.5633
21.5633
21.5633
21.5633
21.5633
21.5633
21.5633
21.5633
21.5633
21.5633
21.5633
21.5633
21.5633
21.5633
21.5633
21.5633
21.5633
21.5633
21.5633
21.5633
21.5633
21.5633
21.5633
21.5633
21.5633
21.5633
21.5633
21.5633
21.5633
21.5633
21.5633
21.5633
21.5633
21.5633
21.5633
21.5633
21.5633
21.5633
21.5633
21.5633
21.5633
21.5633
21.5633
21.5633
21.5633
21.5633
21.5633
21.5633
21.5633
21.5633
21.5633
21.5632
21.5611
21.5489
21.4967
21.3628
21.1004
20.7465
20.3906
20.1442
20.0319
20.0029
20
20
20
20
20
20
20
20.0229
20.0872
20.2552
20.542
20.9074
21.2281
21.4307
21.5219
21.5533
21.5617
21.5632
21.5633
21.5633
21.5633
21.5633
21.5633
21.5633
21.5633
21.5633
21.5633
21.5633
21.5633
21.5633
21.5633
21.5633
21.5633
21.5633
21.5633
21.5633
21.5633
21.5633
21.5633
21.5633
21.5633
21.5633
21.5633
21.5633
21.5633
21.5633
21.5633
21.5633
21.5633
21.5633
21.5633
21.5633
21.5633
21.5633
21.5633
21.5633
21.5633
21.5633
21.5633
21.5633
21.5633
21.5633
21.5633
21.5633
21.5633
21.5633
21.5633
21.5633
21.5633
21.5633
21.5633
21.5633
21.5633
21.5633
21.5633
21.5633
21.5633
21.5633
21.5633
21.5633
21.5633
21.5633
21.5633
21.5633
21.5633
21.5633
21.5633
21.5633
21.5633
21.5633
21.5629
21.5584
21.535
21.4588
21.2788
20.9863
20.6226
20.3032
20.1013
20.0194
20.0013
20
20
20
20
20
20
20
20.0128
20.0607
20.1849
20.4341
20.7728
21.1134
21.3579
21.4886
21.5421
21.559
21.5628
21.5633
21.5633
21.5633
21.5633
21.5633
21.5633
21.5633
21.5633
21.5633
21.5633
21.5633
21.5633
21.5633
21.5633
21.5633
21.5633
21.5633
21.5633
21.5633
21.5633
21.5633
21.5633
21.5633
21.5633
21.5633
21.5633
21.5633
21.5633
21.5633
21.5633
21.5633
21.5633
21.5633
21.5633
21.5633
21.5633
21.5633
21.5633
21.5633
21.5633
21.5633
21.5633
21.5633
21.5633
21.5633
21.5633
21.5633
21.5633
21.5633
21.5633
21.5633
21.5633
21.5633
21.5633
21.5633
21.5633
21.5633
21.5633
21.5633
21.5633
21.5633
21.5633
21.5633
21.5633
21.5633
21.5633
21.5633
21.5633
21.5633
21.5633
21.5633
21.5632
21.5618
21.5528
21.5122
21.3998
21.1781
20.8507
20.503
20.2234
20.068
20.0112
20.0005
20
20
20
20
20
20
20
20.0078
20.0362
20.1305
20.3265
20.6347
20.977
21.2608
21.4371
21.5219
21.5533
21.5617
21.5632
21.5633
21.5633
21.5633
21.5633
21.5633
21.5633
21.5633
21.5633
21.5633
21.5633
21.5633
21.5633
21.5633
21.5633
21.5633
21.5633
21.5633
21.5633
21.5633
21.5633
21.5633
21.5633
21.5633
21.5633
21.5633
21.5633
21.5633
21.5633
21.5633
21.5633
21.5633
21.5633
21.5633
21.5633
21.5633
21.5633
21.5633
21.5633
21.5633
21.5633
21.5633
21.5633
21.5633
21.5633
21.5633
21.5633
21.5633
21.5633
21.5633
21.5633
21.5633
21.5633
21.5633
21.5633
21.5633
21.5633
21.5633
21.5633
21.5633
21.5633
21.5633
21.5633
21.5633
21.5633
21.5633
21.5633
21.5633
21.5633
21.5633
21.5633
21.5629
21.5601
21.5402
21.4767
21.3205
21.053
20.7129
20.3851
20.1577
20.0427
20.006
20.0002
20
20
20
20
20
20
20
20.0033
20.0217
20.0822
20.2346
20.4945
20.8264
21.1387
21.3634
21.4886
21.5421
21.559
21.5628
21.5633
21.5633
21.5633
21.5633
21.5633
21.5633
21.5633
21.5633
21.5633
21.5633
21.5633
21.5633
21.5633
21.5633
21.5633
21.5633
21.5633
21.5633
21.5633
21.5633
21.5633
21.5633
21.5633
21.5633
21.5633
21.5633
21.5633
21.5633
21.5633
21.5633
21.5633
21.5633
21.5633
21.5633
21.5633
21.5633
21.5633
21.5633
21.5633
21.5633
21.5633
21.5633
21.5633
21.5633
21.5633
21.5633
21.5633
21.5633
21.5633
21.5633
21.5633
21.5633
21.5633
21.5633
21.5633
21.5633
21.5633
21.5633
21.5633
21.5633
21.5633
21.5633
21.5633
21.5633
21.5633
21.5633
21.5633
21.5633
21.5633
21.5632
21.5626
21.5539
21.5212
21.4192
21.2199
20.9147
20.5711
20.2838
20.1038
20.0254
20.003
20
20
20
20
20
20
20
20
20.0015
20.0103
20.0493
20.1548
20.366
20.6684
20.9953
21.2649
21.4371
21.5219
21.5533
21.5617
21.5631
21.5633
21.5633
21.5633
21.5633
21.5633
21.5633
21.5633
21.5633
21.5633
21.5633
21.5633
21.5633
21.5633
21.5633
21.5633
21.5633
21.5633
21.5633
21.5633
21.5633
21.5633
21.5633
21.5633
21.5633
21.5633
21.5633
21.5633
21.5633
21.5633
21.5633
21.5633
21.5633
21.5633
21.5633
21.5633
21.5633
21.5633
21.5633
21.5633
21.5633
21.5633
21.5633
21.5633
21.5633
21.5633
21.5633
21.5633
21.5633
21.5633
21.5633
21.5633
21.5633
21.5633
21.5633
21.5633
21.5633
21.5633
21.5633
21.5633
21.5633
21.5633
21.5633
21.5633
21.5633
21.5633
21.5633
21.5633
21.5633
21.5632
21.5597
21.5438
21.4813
21.3439
21.0929
20.7684
20.441
20.1966
20.065
20.0138
20.0013
20
20
20
20
20
20
20
20
20.0004
20.0047
20.0254
20.0955
20.2533
20.515
20.8374
21.1415
21.3634
21.4886
21.5421
21.5587
21.5625
21.5631
21.5633
21.5633
21.5633
21.5633
21.5633
21.5633
21.5633
21.5633
21.5633
21.5633
21.5633
21.5633
21.5633
21.5633
21.5633
21.5633
21.5633
21.5633
21.5633
21.5633
21.5633
21.5633
21.5633
21.5633
21.5633
21.5633
21.5633
21.5633
21.5633
21.5633
21.5633
21.5633
21.5633
21.5633
21.5633
21.5633
21.5633
21.5633
21.5633
21.5633
21.5633
21.5633
21.5633
21.5633
21.5633
21.5633
21.5633
21.5633
21.5633
21.5633
21.5633
21.5633
21.5633
21.5633
21.5633
21.5633
21.5633
21.5633
21.5633
21.5633
21.5633
21.5633
21.5633
21.5633
21.5633
21.5633
21.5633
21.5621
21.5542
21.5171
21.4249
21.2316
20.9528
20.6193
20.3254
20.1302
20.0373
20.0071
20.0005
20
20
20
20
20
20
20
20
20.0001
20.0015
20.0119
20.053
20.164
20.3753
20.6746
20.9969
21.2649
21.4371
21.5211
21.5522
21.5603
21.5625
21.5632
21.5633
21.5633
21.5633
21.5633
21.5633
21.5633
21.5633
21.5633
21.5633
21.5633
21.5633
21.5633
21.5633
21.5633
21.5633
21.5633
21.5633
21.5633
21.5633
21.5633
21.5633
21.5633
21.5633
21.5633
21.5633
21.5633
21.5633
21.5633
21.5633
21.5633
21.5633
21.5633
21.5633
21.5633
21.5633
21.5633
21.5633
21.5633
21.5633
21.5633
21.5633
21.5633
21.5633
21.5633
21.5633
21.5633
21.5633
21.5633
21.5633
21.5633
21.5633
21.5633
21.5633
21.5633
21.5633
21.5633
21.5633
21.5633
21.5633
21.5633
21.5633
21.5633
21.5633
21.5633
21.5633
21.5629
21.5593
21.5376
21.4754
21.3297
21.0996
20.7901
20.4809
20.2292
20.0809
20.0202
20.0032
20.0002
20
20
20
20
20
20
20
20
20
20.0004
20.0047
20.0268
20.098
20.2574
20.5176
20.8382
21.1415
21.362
21.4861
21.5373
21.555
21.5606
21.5628
21.5633
21.5633
21.5633
21.5633
21.5633
21.5633
21.5633
21.5633
21.5633
21.5633
21.5633
21.5633
21.5633
21.5633
21.5633
21.5633
21.5633
21.5633
21.5633
21.5633
21.5633
21.5633
21.5633
21.5633
21.5633
21.5633
21.5633
21.5633
21.5633
21.5633
21.5633
21.5633
21.5633
21.5633
21.5633
21.5633
21.5633
21.5633
21.5633
21.5633
21.5633
21.5633
21.5633
21.5633
21.5633
21.5633
21.5633
21.5633
21.5633
21.5633
21.5633
21.5633
21.5633
21.5633
21.5633
21.5633
21.5633
21.5633
21.5633
21.5633
21.5633
21.5633
21.5633
21.5633
21.5632
21.5619
21.5494
21.5084
21.4007
21.2109
20.9323
20.6308
20.3513
20.1545
20.0478
20.0097
20.0014
20
20
20
20
20
20
20
20
20
20
20.0001
20.0015
20.0119
20.0538
20.1651
20.3763
20.6749
20.9952
21.2612
21.4268
21.5097
21.5422
21.5561
21.5617
21.5631
21.5633
21.5633
21.5633
21.5633
21.5633
21.5633
21.5633
21.5633
21.5633
21.5633
21.5633
21.5633
21.5633
21.5633
21.5633
21.5633
21.5633
21.5633
21.5633
21.5633
21.5633
21.5633
21.5633
21.5633
21.5633
21.5633
21.5633
21.5633
21.5633
21.5633
21.5633
21.5633
21.5633
21.5633
21.5633
21.5633
21.5633
21.5633
21.5633
21.5633
21.5633
21.5633
21.5633
21.5633
21.5633
21.5633
21.5633
21.5633
21.5633
21.5633
21.5633
21.5633
21.5633
21.5633
21.5633
21.5633
21.5633
21.5633
21.5633
21.5633
21.5633
21.5633
21.5633
21.5629
21.5556
21.5294
21.4517
21.3001
21.0547
20.7619
20.4692
20.2448
20.0976
20.0268
20.0043
20.0005
20
20
20
20
20
20
20
20
20
20
20
20.0004
20.0047
20.0268
20.0983
20.2577
20.5164
20.8345
21.1273
21.341
21.458
21.5178
21.5462
21.5587
21.5625
21.5631
21.5633
21.5633
21.5633
21.5633
21.5633
21.5633
21.5633
21.5633
21.5633
21.5633
21.5633
21.5633
21.5633
21.5633
21.5633
21.5633
21.5633
21.5633
21.5633
21.5633
21.5633
21.5633
21.5633
21.5633
21.5633
21.5633
21.5633
21.5633
21.5633
21.5633
21.5633
21.5633
21.5633
21.5633
21.5633
21.5633
21.5633
21.5633
21.5633
21.5633
21.5633
21.5633
21.5633
21.5633
21.5633
21.5633
21.5633
21.5633
21.5633
21.5633
21.5633
21.5633
21.5633
21.5633
21.5633
21.5633
21.5633
21.5633
21.5633
21.5633
21.5633
21.5632
21.5587
21.5414
21.4839
21.3671
21.1612
20.8872
20.5847
20.3328
20.1562
20.0586
20.0141
20.0017
20.0002
20
20
20
20
20
20
20
20
20
20
20
20.0001
20.0015
20.0119
20.0538
20.1644
20.3739
20.6618
20.9704
21.2142
21.3795
21.4734
21.5267
21.5522
21.5603
21.5625
21.5631
21.5633
21.5633
21.5633
21.5633
21.5633
21.5633
21.5633
21.5633
21.5633
21.5633
21.5633
21.5633
21.5633
21.5633
21.5633
21.5633
21.5633
21.5633
21.5633
21.5633
21.5633
21.5633
21.5633
21.5633
21.5633
21.5633
21.5633
21.5633
21.5633
21.5633
21.5633
21.5633
21.5633
21.5633
21.5633
21.5633
21.5633
21.5633
21.5633
21.5633
21.5633
21.5633
21.5633
21.5633
21.5633
21.5633
21.5633
21.5633
21.5633
21.5633
21.5633
21.5633
21.5633
21.5633
21.5633
21.5633
21.5633
21.5633
21.5633
21.5633
21.5607
21.5482
21.5036
21.411
21.239
20.9992
20.7073
20.4303
20.2172
20.0939
20.0318
20.0071
20.0006
20
20
20
20
20
20
20
20
20
20
20
20
20
20.0004
20.0047
20.0265
20.0972
20.2497
20.4975
20.7845
21.0589
21.2616
21.4038
21.4925
21.5373
21.555
21.5603
21.5625
21.5631
21.5633
21.5633
21.5633
21.5633
21.5633
21.5633
21.5633
21.5633
21.5633
21.5633
21.5633
21.5633
21.5633
21.5633
21.5633
21.5633
21.5633
21.5633
21.5633
21.5633
21.5633
21.5633
21.5633
21.5633
21.5633
21.5633
21.5633
21.5633
21.5633
21.5633
21.5633
21.5633
21.5633
21.5633
21.5633
21.5633
21.5633
21.5633
21.5633
21.5633
21.5633
21.5633
21.5633
21.5633
21.5633
21.5633
21.5633
21.5633
21.5633
21.5633
21.5633
21.5633
21.5633
21.5633
21.5633
21.5633
21.5633
21.5633
21.5621
21.5526
21.5186
21.4412
21.2907
21.0805
20.8134
20.5384
20.2966
20.1351
20.0503
20.0161
20.0032
20.0002
20
20
20
20
20
20
20
20
20
20
20
20
20
20.0001
20.0015
20.0117
20.0507
20.1554
20.3396
20.6007
20.8678
21.1124
21.3025
21.4338
21.5097
21.5414
21.555
21.5603
21.5625
21.5631
21.5632
21.5633
21.5633
21.5633
21.5633
21.5633
21.5633
21.5633
21.5633
21.5633
21.5633
21.5633
21.5633
21.5633
21.5633
21.5633
21.5633
21.5633
21.5633
21.5633
21.5633
21.5633
21.5633
21.5633
21.5633
21.5633
21.5633
21.5633
21.5633
21.5633
21.5633
21.5633
21.5633
21.5633
21.5633
21.5633
21.5633
21.5633
21.5633
21.5633
21.5633
21.5633
21.5633
21.5633
21.5633
21.5633
21.5633
21.5633
21.5633
21.5633
21.5633
21.5633
21.5633
21.5633
21.5633
21.5633
21.5629
21.5551
21.5305
21.4651
21.3338
21.14
20.887
20.6279
20.3838
20.1948
20.0772
20.0253
20.0069
20.0014
20
20
20
20
20
20
20
20
20
20
20
20
20
20
20
20.0004
20.0039
20.024
20.0826
20.2164
20.4161
20.6734
20.9317
21.1653
21.3474
21.4566
21.5153
21.5414
21.555
21.5603
21.5622
21.5628
21.5631
21.5633
21.5633
21.5633
21.5633
21.5633
21.5633
21.5633
21.5633
21.5633
21.5633
21.5633
21.5633
21.5633
21.5633
21.5633
21.5633
21.5633
21.5633
21.5633
21.5633
21.5633
21.5633
21.5633
21.5633
21.5633
21.5633
21.5633
21.5633
21.5633
21.5633
21.5633
21.5633
21.5633
21.5633
21.5633
21.5633
21.5633
21.5633
21.5633
21.5633
21.5633
21.5633
21.5633
21.5633
21.5633
21.5633
21.5633
21.5633
21.5633
21.5633
21.5633
21.5633
21.5633
21.5629
21.5559
21.5377
21.4818
21.3732
21.1946
20.9497
20.6928
20.4493
20.2571
20.1192
20.0422
20.0111
20.0027
20.0005
20
20
20
20
20
20
20
20
20
20
20
20
20
20
20
20
20.0012
20.0082
20.0405
20.1166
20.2688
20.4795
20.7369
21.0002
21.2181
21.3758
21.4631
21.5153
21.5414
21.5542
21.5592
21.5611
21.5625
21.5631
21.5633
21.5633
21.5633
21.5633
21.5633
21.5633
21.5633
21.5633
21.5633
21.5633
21.5633
21.5633
21.5633
21.5633
21.5633
21.5633
21.5633
21.5633
21.5633
21.5633
21.5633
21.5633
21.5633
21.5633
21.5633
21.5633
21.5633
21.5633
21.5633
21.5633
21.5633
21.5633
21.5633
21.5633
21.5633
21.5633
21.5633
21.5633
21.5633
21.5633
21.5633
21.5633
21.5633
21.5633
21.5633
21.5633
21.5633
21.5633
21.5633
21.5633
21.5633
21.5621
21.5551
21.5395
21.4894
21.4002
21.2402
21.0165
20.7573
20.5003
20.3017
20.1581
20.0683
20.0212
20.0046
20.0008
20.0002
20
20
20
20
20
20
20
20
20
20
20
20
20
20
20
20
20
20.0026
20.0139
20.058
20.15
20.316
20.5452
20.8046
21.0592
21.2474
21.3827
21.4631
21.5139
21.5389
21.5502
21.5566
21.5603
21.5625
21.5631
21.5632
21.5633
21.5633
21.5633
21.5633
21.5633
21.5633
21.5633
21.5633
21.5633
21.5633
21.5633
21.5633
21.5633
21.5633
21.5633
21.5633
21.5633
21.5633
21.5633
21.5633
21.5633
21.5633
21.5633
21.5633
21.5633
21.5633
21.5633
21.5633
21.5633
21.5633
21.5633
21.5633
21.5633
21.5633
21.5633
21.5633
21.5633
21.5633
21.5633
21.5633
21.5633
21.5633
21.5633
21.5633
21.5633
21.5633
21.5633
21.5632
21.5607
21.5527
21.5361
21.489
21.4111
21.2655
21.0709
20.8236
20.5632
20.3435
20.1838
20.0899
20.0358
20.01
20.0017
20.0002
20
20
20
20
20
20
20
20
20
20
20
20
20
20
20
20
20
20
20.0001
20.0045
20.0213
20.076
20.187
20.3671
20.6112
20.8575
21.0876
21.2539
21.3811
21.4594
21.505
21.53
21.5441
21.555
21.5603
21.5622
21.5628
21.5631
21.5632
21.5633
21.5633
21.5633
21.5633
21.5633
21.5633
21.5633
21.5633
21.5633
21.5633
21.5633
21.5633
21.5633
21.5633
21.5633
21.5633
21.5633
21.5633
21.5633
21.5633
21.5633
21.5633
21.5633
21.5633
21.5633
21.5633
21.5633
21.5633
21.5633
21.5633
21.5633
21.5633
21.5633
21.5633
21.5633
21.5633
21.5633
21.5633
21.5633
21.5633
21.5633
21.5633
21.5633
21.5632
21.5629
21.5588
21.5488
21.5272
21.4803
21.408
21.2718
21.0979
20.8684
20.6275
20.398
20.2159
20.1053
20.0455
20.0171
20.0043
20.0006
20
20
20
20
20
20
20
20
20
20
20
20
20
20
20
20
20
20
20
20
20.0004
20.007
20.0313
20.0967
20.2281
20.4152
20.6561
20.8803
21.0918
21.2502
21.3685
21.4421
21.4859
21.5194
21.5414
21.5542
21.5592
21.5611
21.5622
21.5628
21.5631
21.5633
21.5633
21.5633
21.5633
21.5633
21.5633
21.5633
21.5633
21.5633
21.5633
21.5633
21.5633
21.5633
21.5633
21.5633
21.5633
21.5633
21.5633
21.5633
21.5633
21.5633
21.5633
21.5633
21.5633
21.5633
21.5633
21.5633
21.5633
21.5633
21.5633
21.5633
21.5633
21.5633
21.5633
21.5633
21.5633
21.5633
21.5633
21.5633
21.5633
21.5633
21.5629
21.5619
21.5562
21.544
21.5144
21.463
21.3891
21.2624
21.1024
20.8848
20.6658
20.4454
20.2608
20.1295
20.0536
20.0212
20.0072
20.0017
20.0002
20
20
20
20
20
20
20
20
20
20
20
20
20
20
20
20
20
20
20
20
20
20.0012
20.0103
20.0442
20.1188
20.2628
20.4452
20.6725
20.8819
21.0801
21.2291
21.3341
21.4121
21.4687
21.5139
21.5389
21.5502
21.5558
21.5592
21.5611
21.5625
21.5631
21.5632
21.5632
21.5633
21.5633
21.5633
21.5633
21.5633
21.5633
21.5633
21.5633
21.5633
21.5633
21.5633
21.5633
21.5633
21.5633
21.5633
21.5633
21.5633
21.5633
21.5633
21.5633
21.5633
21.5633
21.5633
21.5633
21.5633
21.5633
21.5633
21.5633
21.5633
21.5633
21.5633
21.5633
21.5633
21.5633
21.5633
21.5632
21.5632
21.5621
21.5594
21.5518
21.5372
21.5001
21.4411
21.3547
21.2324
21.086
20.8831
20.6775
20.4664
20.2952
20.1595
20.0708
20.0261
20.0083
20.0027
20.0006
20
20
20
20
20
20
20
20
20
20
20
20
20
20
20
20
20
20
20
20
20
20
20
20.0026
20.0143
20.057
20.1363
20.2817
20.4547
20.668
20.8656
21.0417
21.1818
21.2892
21.3875
21.4594
21.505
21.5286
21.5417
21.5502
21.5566
21.5603
21.5622
21.5625
21.5628
21.5631
21.5632
21.5633
21.5633
21.5633
21.5633
21.5633
21.5633
21.5633
21.5633
21.5633
21.5633
21.5633
21.5633
21.5633
21.5633
21.5633
21.5633
21.5633
21.5633
21.5633
21.5633
21.5633
21.5633
21.5633
21.5633
21.5633
21.5633
21.5633
21.5633
21.5633
21.5633
21.5633
21.5632
21.5629
21.5627
21.5603
21.5551
21.5438
21.5246
21.4831
21.4187
21.3148
21.185
21.0411
20.8603
20.6733
20.4702
20.3077
20.1769
20.0899
20.0366
20.0111
20.003
20.0008
20.0002
20
20
20
20
20
20
20
20
20
20
20
20
20
20
20
20
20
20
20
20
20
20
20
20
20.0042
20.0181
20.0658
20.145
20.2848
20.4483
20.641
20.8208
20.9774
21.1276
21.2572
21.3685
21.4404
21.4822
21.5091
21.53
21.5441
21.5542
21.5584
21.5601
21.5611
21.5622
21.5628
21.5631
21.5632
21.5632
21.5633
21.5633
21.5633
21.5633
21.5633
21.5633
21.5633
21.5633
21.5633
21.5633
21.5633
21.5633
21.5633
21.5633
21.5633
21.5633
21.5633
21.5633
21.5633
21.5633
21.5633
21.5633
21.5633
21.5633
21.5633
21.5632
21.5632
21.5629
21.5619
21.5607
21.5565
21.5486
21.5307
21.5029
21.4568
21.39
21.2773
21.1375
20.9767
20.8075
20.645
20.4637
20.3094
20.1806
20.0988
20.0455
20.0171
20.0046
20.0008
20.0002
20
20
20
20
20
20
20
20
20
20
20
20
20
20
20
20
20
20
20
20
20
20
20
20
20
20
20.0056
20.0206
20.0692
20.1454
20.2739
20.423
20.5866
20.7551
20.9158
21.0865
21.2277
21.3304
21.3979
21.4476
21.4859
21.518
21.5375
21.5477
21.5518
21.5558
21.5592
21.5611
21.5622
21.5625
21.5628
21.5631
21.5632
21.5632
21.5632
21.5632
21.5633
21.5633
21.5633
21.5633
21.5633
21.5633
21.5633
21.5633
21.5633
21.5633
21.5633
21.5633
21.5633
21.5633
21.5633
21.5633
21.5632
21.5632
21.5632
21.5629
21.5627
21.5617
21.5593
21.5557
21.5483
21.5374
21.5123
21.473
21.416
21.3429
21.2327
21.095
20.9182
20.7425
20.5859
20.4344
20.3024
20.1806
20.1002
20.048
20.0212
20.0072
20.0017
20.0002
20
20
20
20
20
20
20
20
20
20
20
20
20
20
20
20
20
20
20
20
20
20
20
20
20
20
20
20
20.0064
20.0214
20.0674
20.1378
20.2469
20.378
20.5212
20.695
20.8703
21.0393
21.1687
21.2644
21.3406
21.4104
21.4633
21.5013
21.5197
21.5313
21.5417
21.5502
21.5558
21.5584
21.5601
21.5611
21.5622
21.5625
21.5625
21.5625
21.5628
21.5631
21.5632
21.5632
21.5632
21.5632
21.5632
21.5632
21.5632
21.5632
21.5632
21.5632
21.5632
21.5632
21.5632
21.5632
21.5629
21.5627
21.5625
21.5617
21.5607
21.5582
21.5537
21.5459
21.5322
21.516
21.4846
21.437
21.3636
21.2743
21.1653
21.038
20.8683
20.6922
20.5216
20.3815
20.2741
20.1741
20.1002
20.048
20.022
20.0083
20.0027
20.0006
20
20
20
20
20
20
20
20
20
20
20
20
20
20
20
20
20
20
20
20
20
20
20
20
20
20
20
20
20
20
20.0064
20.0206
20.0603
20.1214
20.2083
20.3278
20.468
20.6441
20.8128
20.9585
21.0775
21.1874
21.2841
21.3713
21.4279
21.4631
21.4863
21.5091
21.5286
21.5403
21.5477
21.5518
21.5558
21.5584
21.5593
21.5593
21.5601
21.5611
21.5622
21.5625
21.5625
21.5625
21.5625
21.5625
21.5625
21.5625
21.5625
21.5625
21.5625
21.5625
21.5625
21.5625
21.5617
21.5607
21.5596
21.5579
21.5554
21.5496
21.5419
21.5285
21.5059
21.4789
21.439
21.3881
21.304
21.1971
21.0754
20.9498
20.8027
20.6475
20.4768
20.3342
20.2292
20.1513
20.0946
20.048
20.022
20.0083
20.003
20.0008
20.0002
20
20
20
20
20
20
20
20
20
20
20
20
20
20
20
20
20
20
20
20
20
20
20
20
20
20
20
20
20
20
20
20.0056
20.0181
20.0486
20.0996
20.1717
20.2858
20.4227
20.5776
20.7208
20.8539
20.9806
21.1134
21.223
21.308
21.3597
21.4034
21.4459
21.4805
21.5054
21.5197
21.5313
21.5403
21.5463
21.5479
21.5493
21.5518
21.5558
21.5584
21.5593
21.5593
21.5593
21.5593
21.5593
21.5593
21.5593
21.5593
21.5593
21.5593
21.5593
21.5593
21.5579
21.5554
21.5513
21.547
21.5425
21.5322
21.5187
21.4977
21.4667
21.4252
21.3701
21.3124
21.2276
21.1194
20.9816
20.8425
20.7086
20.5794
20.4358
20.3062
20.1948
20.1213
20.0774
20.0439
20.022
20.0083
20.003
20.0008
20.0002
20
20
20
20
20
20
20
20
20
20
20
20
20
20
20
20
20
20
20
20
20
20
20
20
20
20
20
20
20
20
20
20
20
20.0042
20.0143
20.0358
20.0794
20.1439
20.246
20.3634
20.4876
20.6122
20.7523
20.8914
21.0286
21.1279
21.204
21.2695
21.3355
21.3941
21.4334
21.4631
21.4846
21.5037
21.5143
21.5187
21.5224
21.5313
21.5403
21.5463
21.5479
21.5479
21.5479
21.5479
21.5479
21.5479
21.5479
21.5479
21.5479
21.5479
21.5479
21.5462
21.5425
21.5336
21.5233
21.5135
21.4986
21.4785
21.4466
21.4077
21.3538
21.282
21.2072
21.1192
21.0234
20.8909
20.745
20.6048
20.4858
20.3746
20.2741
20.1758
20.1039
20.0583
20.0334
20.0192
20.0083
20.003
20.0008
20.0002
20
20
20
20
20
20
20
20
20
20
20
20
20
20
20
20
20
20
20
20
20
20
20
20
20
20
20
20
20
20
20
20
20
20
20
20.0026
20.0103
20.0258
20.063
20.1187
20.1981
20.2887
20.3948
20.5142
20.6587
20.7903
20.9058
20.9935
21.0812
21.1732
21.2513
21.3144
21.3583
21.3983
21.4283
21.4469
21.4547
21.4672
21.4846
21.5037
21.5143
21.517
21.517
21.517
21.517
21.517
21.517
21.517
21.517
21.517
21.517
21.5157
21.5119
21.4994
21.4813
21.4596
21.4371
21.4121
21.3702
21.321
21.2575
21.1783
21.0862
20.9844
20.8924
20.7816
20.6582
20.5176
20.3946
20.2989
20.2227
20.1513
20.0946
20.0494
20.0244
20.0131
20.0067
20.003
20.0008
20.0002
20
20
20
20
20
20
20
20
20
20
20
20
20
20
20
20
20
20
20
20
20
20
20
20
20
20
20
20
20
20
20
20
20
20
20
20
20
20.0012
20.007
20.0189
20.0476
20.0895
20.1467
20.2175
20.3163
20.4278
20.5532
20.6571
20.7533
20.8521
20.957
21.0579
21.1341
21.2007
21.2545
21.3003
21.3256
21.3428
21.3639
21.3983
21.4283
21.4455
21.4496
21.4496
21.4496
21.4496
21.4496
21.4496
21.4496
21.4496
21.4496
21.4488
21.4463
21.4346
21.4133
21.3778
21.3405
21.3067
21.2613
21.2054
21.1313
21.0519
20.9564
20.846
20.7437
20.6438
20.5526
20.4405
20.3286
20.2329
20.1655
20.1157
20.0774
20.0439
20.022
20.0091
20.0041
20.0022
20.0008
20.0002
20
20
20
20
20
20
20
20
20
20
20
20
20
20
20
20
20
20
20
20
20
20
20
20
20
20
20
20
20
20
20
20
20
20
20
20
20
20
20
20.0004
20.0045
20.0133
20.0322
20.0601
20.1033
20.1617
20.2479
20.3366
20.428
20.5115
20.607
20.7171
20.8183
20.9109
20.9849
21.0566
21.1105
21.146
21.1689
21.2072
21.2545
21.2995
21.3223
21.3279
21.3279
21.3279
21.3279
21.3279
21.3279
21.3279
21.3279
21.3276
21.3265
21.3193
21.3028
21.2642
21.214
21.1611
21.1106
21.058
20.9817
20.9007
20.81
20.7112
20.6063
20.5046
20.426
20.3476
20.2713
20.1883
20.1229
20.0812
20.0542
20.0334
20.0192
20.0083
20.003
20.0011
20.0005
20.0002
20
20
20
20
20
20
20
20
20
20
20
20
20
20
20
20
20
20
20
20
20
20
20
20
20
20
20
20
20
20
20
20
20
20
20
20
20
20
20
20
20
20.0001
20.0026
20.0081
20.0193
20.0373
20.0716
20.1171
20.1798
20.2395
20.3058
20.3849
20.4768
20.5757
20.6595
20.7423
20.814
20.8759
20.9132
20.9472
20.9919
21.0563
21.1091
21.1374
21.1439
21.1439
21.1439
21.1439
21.1439
21.1439
21.1439
21.1438
21.1436
21.1407
21.1328
21.1057
21.0603
20.9938
20.9291
20.8752
20.8114
20.7383
20.6511
20.5698
20.4821
20.3901
20.312
20.2475
20.1999
20.1474
20.0983
20.0583
20.0348
20.0217
20.0131
20.0067
20.003
20.0008
20.0002
20.0001
20
20
20
20
20
20
20
20
20
20
20
20
20
20
20
20
20
20
20
20
20
20
20
20
20
20
20
20
20
20
20
20
20
20
20
20
20
20
20
20
20
20
20
20
20.0012
20.0039
20.0107
20.0225
20.0473
20.0772
20.1151
20.1556
20.2095
20.2806
20.3531
20.4292
20.4968
20.5674
20.6224
20.6625
20.6943
20.7487
20.8136
20.8727
20.902
20.909
20.909
20.909
20.909
20.909
20.909
20.909
20.909
20.9083
20.9061
20.8944
20.869
20.8143
20.7465
20.6795
20.6228
20.5701
20.4985
20.4285
20.3593
20.2938
20.2278
20.1692
20.1299
20.0985
20.0733
20.0453
20.0244
20.0131
20.0075
20.0041
20.0022
20.0008
20.0002
20
20
20
20
20
20
20
20
20
20
20
20
20
20
20
20
20
20
20
20
20
20
20
20
20
20
20
20
20
20
20
20
20
20
20
20
20
20
20
20
20
20
20
20
20
20
20
20.0004
20.0015
20.0057
20.013
20.0277
20.0437
20.0656
20.0965
20.1378
20.19
20.2391
20.2947
20.3464
20.3942
20.425
20.4576
20.5023
20.5667
20.6195
20.6478
20.6543
20.6543
20.6543
20.6543
20.6543
20.6543
20.6543
20.6542
20.654
20.6511
20.6432
20.6162
20.5711
20.5057
20.4456
20.4009
20.3553
20.3055
20.2489
20.2036
20.1599
20.1174
20.0828
20.0579
20.0437
20.0306
20.0192
20.0091
20.0041
20.0022
20.0011
20.0005
20.0002
20
20
20
20
20
20
20
20
20
20
20
20
20
20
20
20
20
20
20
20
20
20
20
20
20
20
20
20
20
20
20
20
20
20
20
20
20
20
20
20
20
20
20
20
20
20
20
20
20
20.0001
20.0004
20.0029
20.0065
20.0133
20.0214
20.0349
20.0571
20.083
20.1154
20.147
20.1845
20.2155
20.24
20.2604
20.2987
20.3461
20.391
20.4139
20.4194
20.4194
20.4194
20.4194
20.4194
20.4194
20.4194
20.4194
20.4191
20.418
20.4108
20.3944
20.3561
20.308
20.2606
20.226
20.1994
20.1636
20.1299
20.1002
20.0771
20.0542
20.0348
20.0231
20.0156
20.0116
20.0067
20.003
20.0011
20.0005
20.0002
20.0001
20
20
20
20
20
20
20
20
20
20
20
20
20
20
20
20
20
20
20
20
20
20
20
20
20
20
20
20
20
20
20
20
20
20
20
20
20
20
20
20
20
20
20
20
20
20
20
20
20
20
20
20
20.0001
20.0012
20.0025
20.0051
20.0096
20.0174
20.0303
20.0438
20.0623
20.0813
20.1012
20.1142
20.1287
20.1498
20.1842
20.2141
20.2313
20.2353
20.2353
20.2353
20.2353
20.2353
20.2353
20.2353
20.2353
20.2353
20.2346
20.2321
20.2204
20.1993
20.1649
20.1335
20.1127
20.0961
20.0787
20.0579
20.0437
20.032
20.0217
20.0131
20.0075
20.0049
20.0033
20.0022
20.0008
20.0002
20.0001
20
20
20
20
20
20
20
20
20
20
20
20
20
20
20
20
20
20
20
20
20
20
20
20
20
20
20
20
20
20
20
20
20
20
20
20
20
20
20
20
20
20
20
20
20
20
20
20
20
20
20
20
20
20
20
20
20.0004
20.0007
20.0016
20.0041
20.0076
20.0137
20.02
20.0297
20.0387
20.046
20.0513
20.0638
20.0812
20.1
20.1103
20.1129
20.1129
20.1129
20.1129
20.1129
20.1129
20.1129
20.1129
20.1129
20.1129
20.1115
20.1078
20.0953
20.0779
20.0591
20.0472
20.0408
20.0319
20.0229
20.0156
20.0116
20.0075
20.0041
20.0022
20.0011
20.0008
20.0005
20.0002
20
20
20
20
20
20
20
20
20
20
20
20
20
20
20
20
20
20
20
20
20
20
20
20
20
20
20
20
20
20
20
20
20
20
20
20
20
20
20
20
20
20
20
20
20
20
20
20
20
20
20
20
20
20
20
20
20
20
20
20.0001
20.0001
20.0004
20.0015
20.0026
20.005
20.0078
20.0116
20.0139
20.0163
20.02
20.0281
20.036
20.041
20.0422
20.0422
20.0422
20.0422
20.0422
20.0422
20.0422
20.0422
20.0422
20.0422
20.0422
20.0405
20.0368
20.0287
20.0209
20.0159
20.0132
20.0108
20.007
20.0047
20.0032
20.0021
20.0011
20.0005
20.0002
20.0001
20.0001
20
20
20
20
20
20
20
20
20
20
20
20
20
20
20
20
20
20
20
20
20
20
20
20
20
20
20
20
20
20
20
20
20
20
20
20
20
20
20
20
20
20
20
20
20
20
20
20
20
20
20
20
20
20
20
20
20
20
20
20
20
20
20
20
20
20
20
20
20
20
20
20
20
20
20
20
20
20
20
20
20
20
20
20
20
20
20
20
20
20
20
20
20
20
20
20
20
20
20
20
20
20
20
20
20
20
20
20
20
20
20
20
20
20
20
20
20
20
20
20
20
20
20
20
20
20
20
20
20
20
20
20
