20
20
20
20
20
20
20
20
20
20
20
20
20
20
20
20
20
20
20
20
20
20
20
20
20
20
20
20
20
20
20
20
20
20
20
20
20
20
20
20
20
20
20
20
20
20
20
20
20
20
20
20
20
20
20
20
20
20
20
20
20
20
20
20
20
20
20
20
20
20
20
20
20
20
20
20
20
20
20
20
20
20
20
20
20
20
20
20
20
20
20
20
20
20
20
20
20
20
20
20
20
20
20.0001
20.0002
20.0003
20.0004
20.0005
20.0006
20.0007
20.0009
20.001
20.0011
20.0012
20.0013
20.0013
20.0014
20.0015
20.0016
20.0017
20.0018
20.0019
20.002
20.002
20.0021
20.0022
20.0022
20.0023
20.0024
20.0024
20.0025
20.0026
20.0026
20.0027
20.0027
20.0027
20.0028
20.0028
20.0028
20.0029
20.0029
20.0029
20.003
20.003
20.003
20.003
20.003
20.003
20.003
20.003
20.003
20.003
20.003
20.003
20.003
20.003
20.0029
20.0029
20.0029
20.0029
20.0028
20.0028
20.0028
20.0027
20.0027
20.0027
20.0026
20.0026
20.0025
20.0025
20.0024
20.0024
20.0023
20.0023
20.0022
20.0021
20.0021
20.002
20.0019
20.0019
20.0018
20.0017
20.0017
20.0016
20.0015
20.0014
20.0014
20.0013
20.0012
20.0011
20.001
20.001
20.0009
20.0008
20.0007
20.0006
20.0005
20.0004
20.0004
20.0003
20.0002
20.0001
20
20
20.0002
20.0004
20.0007
20.0009
20.0011
20.0013
20.0015
20.0017
20.0019
20.0021
20.0023
20.0025
20.0027
20.0029
20.0031
20.0032
20.0034
20.0036
20.0037
20.0039
20.0041
20.0042
20.0044
20.0045
20.0046
20.0047
20.0049
20.005
20.0051
20.0052
20.0053
20.0054
20.0055
20.0056
20.0056
20.0057
20.0058
20.0058
20.0059
20.0059
20.0059
20.006
20.006
20.006
20.006
20.006
20.006
20.006
20.006
20.006
20.006
20.006
20.0059
20.0059
20.0058
20.0058
20.0058
20.0057
20.0056
20.0056
20.0055
20.0054
20.0053
20.0052
20.0052
20.0051
20.005
20.0049
20.0048
20.0046
20.0045
20.0044
20.0043
20.0042
20.004
20.0039
20.0038
20.0036
20.0035
20.0033
20.0032
20.003
20.0029
20.0027
20.0026
20.0024
20.0022
20.0021
20.0019
20.0017
20.0016
20.0014
20.0012
20.0011
20.0009
20.0007
20.0005
20.0004
20.0002
20
20
20.0003
20.0007
20.001
20.0013
20.0016
20.0019
20.0022
20.0026
20.0029
20.0032
20.0035
20.0037
20.004
20.0043
20.0046
20.0048
20.0051
20.0054
20.0056
20.0058
20.0061
20.0063
20.0065
20.0067
20.0069
20.0071
20.0073
20.0075
20.0076
20.0078
20.0079
20.0081
20.0082
20.0083
20.0084
20.0085
20.0086
20.0087
20.0088
20.0088
20.0089
20.0089
20.009
20.009
20.009
20.009
20.009
20.009
20.009
20.009
20.009
20.0089
20.0089
20.0088
20.0088
20.0087
20.0086
20.0085
20.0084
20.0083
20.0082
20.0081
20.008
20.0079
20.0077
20.0076
20.0074
20.0073
20.0071
20.007
20.0068
20.0066
20.0064
20.0062
20.006
20.0058
20.0056
20.0054
20.0052
20.005
20.0048
20.0045
20.0043
20.0041
20.0038
20.0036
20.0034
20.0031
20.0029
20.0026
20.0024
20.0021
20.0018
20.0016
20.0013
20.0011
20.0008
20.0005
20.0003
20
20
20.0004
20.0009
20.0013
20.0017
20.0021
20.0026
20.003
20.0034
20.0038
20.0042
20.0046
20.005
20.0054
20.0057
20.0061
20.0065
20.0068
20.0071
20.0075
20.0078
20.0081
20.0084
20.0087
20.009
20.0092
20.0095
20.0097
20.0099
20.0102
20.0104
20.0106
20.0107
20.0109
20.0111
20.0112
20.0114
20.0115
20.0116
20.0117
20.0118
20.0118
20.0119
20.012
20.012
20.012
20.012
20.012
20.012
20.012
20.012
20.0119
20.0119
20.0118
20.0117
20.0117
20.0116
20.0115
20.0114
20.0112
20.0111
20.011
20.0108
20.0106
20.0105
20.0103
20.0101
20.0099
20.0097
20.0095
20.0093
20.009
20.0088
20.0085
20.0083
20.008
20.0078
20.0075
20.0072
20.0069
20.0066
20.0063
20.006
20.0057
20.0054
20.0051
20.0048
20.0045
20.0041
20.0038
20.0035
20.0031
20.0028
20.0025
20.0021
20.0018
20.0014
20.0011
20.0007
20.0004
20
20
20.0005
20.0011
20.0016
20.0021
20.0027
20.0032
20.0037
20.0042
20.0047
20.0052
20.0057
20.0062
20.0067
20.0072
20.0076
20.008
20.0085
20.0089
20.0093
20.0097
20.0101
20.0105
20.0108
20.0112
20.0115
20.0118
20.0121
20.0124
20.0127
20.0129
20.0132
20.0134
20.0136
20.0138
20.014
20.0142
20.0143
20.0145
20.0146
20.0147
20.0148
20.0148
20.0149
20.015
20.015
20.015
20.015
20.015
20.015
20.0149
20.0149
20.0148
20.0148
20.0147
20.0146
20.0144
20.0143
20.0142
20.014
20.0138
20.0137
20.0135
20.0133
20.0131
20.0128
20.0126
20.0124
20.0121
20.0118
20.0116
20.0113
20.011
20.0107
20.0104
20.01
20.0097
20.0094
20.009
20.0087
20.0083
20.0079
20.0075
20.0072
20.0068
20.0064
20.006
20.0056
20.0052
20.0047
20.0043
20.0039
20.0035
20.0031
20.0026
20.0022
20.0018
20.0013
20.0009
20.0004
20
20
20.0006
20.0013
20.0019
20.0026
20.0032
20.0038
20.0044
20.0051
20.0057
20.0063
20.0069
20.0074
20.008
20.0086
20.0091
20.0096
20.0102
20.0107
20.0112
20.0116
20.0121
20.0125
20.013
20.0134
20.0138
20.0141
20.0145
20.0148
20.0152
20.0155
20.0158
20.016
20.0163
20.0165
20.0167
20.017
20.0171
20.0173
20.0174
20.0176
20.0177
20.0178
20.0178
20.0179
20.0179
20.018
20.018
20.018
20.0179
20.0179
20.0178
20.0178
20.0177
20.0175
20.0174
20.0173
20.0171
20.017
20.0168
20.0166
20.0164
20.0161
20.0159
20.0156
20.0154
20.0151
20.0148
20.0145
20.0142
20.0138
20.0135
20.0131
20.0128
20.0124
20.012
20.0116
20.0112
20.0108
20.0104
20.0099
20.0095
20.009
20.0086
20.0081
20.0076
20.0072
20.0067
20.0062
20.0057
20.0052
20.0047
20.0042
20.0037
20.0031
20.0026
20.0021
20.0016
20.0011
20.0005
20
20
20.0008
20.0015
20.0022
20.003
20.0037
20.0045
20.0052
20.0059
20.0066
20.0073
20.008
20.0086
20.0093
20.01
20.0106
20.0112
20.0118
20.0124
20.013
20.0135
20.0141
20.0146
20.0151
20.0156
20.016
20.0165
20.0169
20.0173
20.0176
20.018
20.0183
20.0187
20.019
20.0192
20.0195
20.0197
20.0199
20.0201
20.0203
20.0204
20.0206
20.0207
20.0208
20.0208
20.0209
20.0209
20.0209
20.0209
20.0209
20.0208
20.0207
20.0207
20.0205
20.0204
20.0203
20.0201
20.0199
20.0197
20.0195
20.0193
20.019
20.0188
20.0185
20.0182
20.0179
20.0176
20.0172
20.0169
20.0165
20.0161
20.0157
20.0153
20.0149
20.0144
20.014
20.0135
20.013
20.0125
20.0121
20.0115
20.011
20.0105
20.01
20.0094
20.0089
20.0083
20.0078
20.0072
20.0066
20.006
20.0054
20.0049
20.0043
20.0037
20.0031
20.0025
20.0018
20.0012
20.0006
20
20
20.0009
20.0017
20.0026
20.0034
20.0042
20.0051
20.0059
20.0067
20.0075
20.0083
20.0091
20.0098
20.0106
20.0113
20.0121
20.0128
20.0135
20.0141
20.0148
20.0154
20.016
20.0166
20.0172
20.0177
20.0182
20.0187
20.0192
20.0197
20.0201
20.0205
20.0209
20.0213
20.0216
20.0219
20.0222
20.0225
20.0227
20.0229
20.0231
20.0233
20.0234
20.0236
20.0237
20.0237
20.0238
20.0238
20.0238
20.0238
20.0238
20.0237
20.0236
20.0235
20.0234
20.0233
20.0231
20.0229
20.0227
20.0225
20.0222
20.022
20.0217
20.0214
20.0211
20.0207
20.0204
20.02
20.0196
20.0192
20.0188
20.0183
20.0179
20.0174
20.0169
20.0164
20.0159
20.0154
20.0149
20.0143
20.0137
20.0132
20.0126
20.012
20.0114
20.0107
20.0101
20.0095
20.0088
20.0082
20.0075
20.0069
20.0062
20.0055
20.0049
20.0042
20.0035
20.0028
20.0021
20.0014
20.0007
20
20
20.001
20.0019
20.0029
20.0038
20.0047
20.0057
20.0066
20.0075
20.0084
20.0093
20.0102
20.011
20.0119
20.0127
20.0135
20.0143
20.0151
20.0158
20.0166
20.0173
20.0179
20.0186
20.0192
20.0199
20.0204
20.021
20.0215
20.022
20.0225
20.023
20.0234
20.0238
20.0242
20.0246
20.0249
20.0252
20.0254
20.0257
20.0259
20.0261
20.0263
20.0264
20.0265
20.0266
20.0267
20.0267
20.0267
20.0267
20.0266
20.0266
20.0265
20.0264
20.0262
20.0261
20.0259
20.0257
20.0254
20.0252
20.0249
20.0246
20.0243
20.024
20.0236
20.0232
20.0228
20.0224
20.022
20.0215
20.021
20.0206
20.02
20.0195
20.019
20.0184
20.0178
20.0173
20.0166
20.016
20.0154
20.0147
20.0141
20.0134
20.0127
20.0121
20.0113
20.0106
20.0099
20.0092
20.0085
20.0077
20.007
20.0062
20.0054
20.0047
20.0039
20.0031
20.0024
20.0016
20.0008
20
20
20.0011
20.0021
20.0032
20.0042
20.0053
20.0063
20.0073
20.0083
20.0093
20.0103
20.0113
20.0122
20.0131
20.0141
20.015
20.0158
20.0167
20.0175
20.0183
20.0191
20.0199
20.0206
20.0213
20.022
20.0226
20.0232
20.0238
20.0244
20.0249
20.0254
20.0259
20.0264
20.0268
20.0272
20.0275
20.0279
20.0282
20.0284
20.0287
20.0289
20.0291
20.0292
20.0293
20.0294
20.0295
20.0295
20.0295
20.0295
20.0295
20.0294
20.0293
20.0292
20.029
20.0289
20.0286
20.0284
20.0282
20.0279
20.0276
20.0273
20.0269
20.0265
20.0261
20.0257
20.0253
20.0248
20.0243
20.0238
20.0233
20.0228
20.0222
20.0216
20.021
20.0204
20.0197
20.0191
20.0184
20.0177
20.017
20.0163
20.0156
20.0149
20.0141
20.0133
20.0126
20.0118
20.011
20.0102
20.0094
20.0085
20.0077
20.0069
20.006
20.0052
20.0043
20.0035
20.0026
20.0017
20.0009
20
20
20.0012
20.0023
20.0035
20.0046
20.0057
20.0069
20.008
20.0091
20.0102
20.0113
20.0123
20.0134
20.0144
20.0154
20.0164
20.0173
20.0183
20.0192
20.0201
20.0209
20.0217
20.0225
20.0233
20.024
20.0248
20.0254
20.0261
20.0267
20.0273
20.0278
20.0284
20.0289
20.0293
20.0297
20.0301
20.0305
20.0308
20.0311
20.0314
20.0316
20.0318
20.032
20.0321
20.0322
20.0323
20.0323
20.0323
20.0323
20.0323
20.0322
20.0321
20.032
20.0318
20.0316
20.0314
20.0311
20.0308
20.0305
20.0302
20.0298
20.0295
20.0291
20.0286
20.0282
20.0277
20.0272
20.0266
20.0261
20.0255
20.0249
20.0243
20.0237
20.023
20.0223
20.0216
20.0209
20.0202
20.0194
20.0187
20.0179
20.0171
20.0163
20.0154
20.0146
20.0138
20.0129
20.012
20.0111
20.0102
20.0093
20.0084
20.0075
20.0066
20.0057
20.0047
20.0038
20.0028
20.0019
20.001
20
20
20.0013
20.0025
20.0038
20.005
20.0062
20.0075
20.0087
20.0099
20.0111
20.0122
20.0134
20.0145
20.0156
20.0167
20.0178
20.0188
20.0198
20.0208
20.0218
20.0227
20.0236
20.0245
20.0253
20.0261
20.0269
20.0276
20.0283
20.029
20.0296
20.0302
20.0308
20.0313
20.0318
20.0323
20.0327
20.0331
20.0335
20.0338
20.0341
20.0343
20.0345
20.0347
20.0349
20.035
20.0351
20.0351
20.0351
20.0351
20.035
20.035
20.0348
20.0347
20.0345
20.0343
20.0341
20.0338
20.0335
20.0331
20.0328
20.0324
20.032
20.0315
20.0311
20.0306
20.0301
20.0295
20.0289
20.0283
20.0277
20.0271
20.0264
20.0257
20.025
20.0242
20.0235
20.0227
20.0219
20.0211
20.0203
20.0194
20.0186
20.0177
20.0168
20.0159
20.0149
20.014
20.0131
20.0121
20.0111
20.0102
20.0092
20.0082
20.0072
20.0062
20.0051
20.0041
20.0031
20.0021
20.001
20
20
20.0014
20.0027
20.0041
20.0054
20.0067
20.008
20.0093
20.0106
20.0119
20.0132
20.0144
20.0156
20.0168
20.018
20.0191
20.0203
20.0214
20.0224
20.0235
20.0245
20.0254
20.0264
20.0273
20.0281
20.029
20.0298
20.0305
20.0312
20.0319
20.0326
20.0332
20.0338
20.0343
20.0348
20.0352
20.0357
20.0361
20.0364
20.0367
20.037
20.0372
20.0374
20.0376
20.0377
20.0378
20.0378
20.0378
20.0378
20.0378
20.0377
20.0375
20.0374
20.0372
20.037
20.0367
20.0364
20.0361
20.0357
20.0353
20.0349
20.0345
20.034
20.0335
20.033
20.0324
20.0318
20.0312
20.0305
20.0299
20.0292
20.0284
20.0277
20.0269
20.0261
20.0253
20.0245
20.0236
20.0227
20.0219
20.0209
20.02
20.0191
20.0181
20.0171
20.0161
20.0151
20.0141
20.013
20.012
20.0109
20.0099
20.0088
20.0077
20.0066
20.0055
20.0044
20.0033
20.0022
20.0011
20
20
20.0014
20.0029
20.0043
20.0058
20.0072
20.0086
20.01
20.0114
20.0128
20.0141
20.0154
20.0167
20.018
20.0193
20.0205
20.0217
20.0229
20.024
20.0251
20.0262
20.0272
20.0282
20.0292
20.0301
20.031
20.0319
20.0327
20.0334
20.0342
20.0349
20.0355
20.0361
20.0367
20.0373
20.0377
20.0382
20.0386
20.039
20.0393
20.0396
20.0398
20.0401
20.0402
20.0403
20.0404
20.0405
20.0405
20.0405
20.0404
20.0403
20.0402
20.04
20.0398
20.0396
20.0393
20.039
20.0386
20.0383
20.0378
20.0374
20.0369
20.0364
20.0359
20.0353
20.0347
20.0341
20.0334
20.0327
20.032
20.0312
20.0305
20.0297
20.0288
20.028
20.0271
20.0262
20.0253
20.0244
20.0234
20.0224
20.0214
20.0204
20.0194
20.0183
20.0173
20.0162
20.0151
20.014
20.0129
20.0117
20.0106
20.0094
20.0083
20.0071
20.0059
20.0048
20.0036
20.0024
20.0012
20
20
20.0015
20.0031
20.0046
20.0061
20.0077
20.0092
20.0106
20.0121
20.0136
20.015
20.0164
20.0178
20.0192
20.0205
20.0218
20.0231
20.0243
20.0256
20.0267
20.0279
20.029
20.03
20.0311
20.0321
20.033
20.0339
20.0348
20.0356
20.0364
20.0371
20.0378
20.0385
20.0391
20.0397
20.0402
20.0407
20.0411
20.0415
20.0418
20.0422
20.0424
20.0426
20.0428
20.043
20.0431
20.0431
20.0431
20.0431
20.043
20.0429
20.0428
20.0426
20.0424
20.0421
20.0418
20.0415
20.0411
20.0407
20.0403
20.0398
20.0393
20.0388
20.0382
20.0376
20.0369
20.0363
20.0356
20.0348
20.0341
20.0333
20.0324
20.0316
20.0307
20.0298
20.0289
20.0279
20.027
20.026
20.0249
20.0239
20.0228
20.0217
20.0206
20.0195
20.0184
20.0172
20.0161
20.0149
20.0137
20.0125
20.0113
20.01
20.0088
20.0076
20.0063
20.0051
20.0038
20.0025
20.0013
20
20
20.0016
20.0033
20.0049
20.0065
20.0081
20.0097
20.0113
20.0128
20.0144
20.0159
20.0174
20.0189
20.0203
20.0217
20.0231
20.0245
20.0258
20.0271
20.0283
20.0295
20.0307
20.0318
20.0329
20.034
20.035
20.0359
20.0369
20.0377
20.0386
20.0393
20.0401
20.0408
20.0414
20.042
20.0426
20.0431
20.0435
20.044
20.0443
20.0447
20.0449
20.0452
20.0454
20.0455
20.0456
20.0457
20.0457
20.0457
20.0456
20.0455
20.0453
20.0452
20.0449
20.0446
20.0443
20.044
20.0436
20.0432
20.0427
20.0422
20.0417
20.0411
20.0405
20.0398
20.0392
20.0384
20.0377
20.0369
20.0361
20.0353
20.0344
20.0335
20.0326
20.0316
20.0306
20.0296
20.0286
20.0275
20.0264
20.0253
20.0242
20.0231
20.0219
20.0207
20.0195
20.0183
20.017
20.0158
20.0145
20.0132
20.012
20.0107
20.0093
20.008
20.0067
20.0054
20.004
20.0027
20.0014
20
20
20.0017
20.0034
20.0052
20.0069
20.0086
20.0102
20.0119
20.0135
20.0152
20.0168
20.0184
20.0199
20.0214
20.0229
20.0244
20.0258
20.0272
20.0286
20.0299
20.0312
20.0324
20.0336
20.0347
20.0358
20.0369
20.0379
20.0389
20.0398
20.0407
20.0415
20.0423
20.043
20.0437
20.0443
20.0449
20.0455
20.0459
20.0464
20.0468
20.0471
20.0474
20.0477
20.0479
20.048
20.0481
20.0482
20.0482
20.0482
20.0481
20.048
20.0478
20.0476
20.0474
20.0471
20.0468
20.0464
20.046
20.0455
20.0451
20.0445
20.044
20.0434
20.0427
20.042
20.0413
20.0406
20.0398
20.039
20.0381
20.0372
20.0363
20.0354
20.0344
20.0334
20.0323
20.0313
20.0302
20.0291
20.0279
20.0267
20.0256
20.0243
20.0231
20.0219
20.0206
20.0193
20.018
20.0167
20.0153
20.014
20.0126
20.0113
20.0099
20.0085
20.0071
20.0057
20.0043
20.0028
20.0014
20
20
20.0018
20.0036
20.0054
20.0072
20.009
20.0108
20.0125
20.0142
20.0159
20.0176
20.0193
20.0209
20.0225
20.0241
20.0256
20.0271
20.0286
20.03
20.0314
20.0327
20.034
20.0353
20.0365
20.0377
20.0388
20.0399
20.0409
20.0418
20.0428
20.0436
20.0444
20.0452
20.0459
20.0466
20.0472
20.0478
20.0483
20.0487
20.0492
20.0495
20.0498
20.0501
20.0503
20.0505
20.0506
20.0507
20.0507
20.0506
20.0506
20.0504
20.0503
20.0501
20.0498
20.0495
20.0492
20.0488
20.0484
20.0479
20.0474
20.0468
20.0462
20.0456
20.0449
20.0442
20.0434
20.0427
20.0418
20.041
20.0401
20.0391
20.0382
20.0372
20.0361
20.0351
20.034
20.0329
20.0317
20.0306
20.0294
20.0281
20.0269
20.0256
20.0243
20.023
20.0216
20.0203
20.0189
20.0175
20.0161
20.0147
20.0133
20.0118
20.0104
20.0089
20.0074
20.006
20.0045
20.003
20.0015
20
20
20.0019
20.0038
20.0057
20.0076
20.0094
20.0113
20.0131
20.0149
20.0167
20.0185
20.0202
20.0219
20.0236
20.0252
20.0268
20.0284
20.0299
20.0314
20.0329
20.0343
20.0357
20.037
20.0382
20.0394
20.0406
20.0417
20.0428
20.0438
20.0448
20.0457
20.0465
20.0473
20.0481
20.0488
20.0494
20.05
20.0506
20.051
20.0515
20.0519
20.0522
20.0525
20.0527
20.0529
20.053
20.053
20.0531
20.053
20.053
20.0528
20.0527
20.0524
20.0522
20.0519
20.0515
20.0511
20.0506
20.0501
20.0496
20.049
20.0484
20.0477
20.047
20.0463
20.0455
20.0447
20.0438
20.0429
20.042
20.041
20.04
20.039
20.0379
20.0368
20.0356
20.0345
20.0332
20.032
20.0308
20.0295
20.0282
20.0268
20.0255
20.0241
20.0227
20.0213
20.0198
20.0184
20.0169
20.0154
20.0139
20.0124
20.0109
20.0093
20.0078
20.0063
20.0047
20.0031
20.0016
20
20
20.002
20.004
20.0059
20.0079
20.0098
20.0118
20.0137
20.0156
20.0174
20.0193
20.0211
20.0229
20.0246
20.0263
20.028
20.0297
20.0313
20.0328
20.0343
20.0358
20.0372
20.0386
20.0399
20.0412
20.0424
20.0436
20.0447
20.0457
20.0467
20.0477
20.0486
20.0494
20.0502
20.0509
20.0516
20.0522
20.0528
20.0533
20.0537
20.0541
20.0545
20.0548
20.055
20.0552
20.0553
20.0554
20.0554
20.0554
20.0553
20.0552
20.055
20.0548
20.0545
20.0541
20.0538
20.0533
20.0529
20.0524
20.0518
20.0512
20.0506
20.0499
20.0491
20.0483
20.0475
20.0467
20.0458
20.0448
20.0438
20.0428
20.0418
20.0407
20.0396
20.0384
20.0372
20.036
20.0347
20.0334
20.0321
20.0308
20.0294
20.028
20.0266
20.0252
20.0237
20.0222
20.0207
20.0192
20.0177
20.0161
20.0145
20.013
20.0114
20.0098
20.0082
20.0065
20.0049
20.0033
20.0016
20
20
20.0021
20.0041
20.0062
20.0082
20.0102
20.0122
20.0142
20.0162
20.0181
20.0201
20.022
20.0238
20.0256
20.0274
20.0292
20.0309
20.0325
20.0342
20.0357
20.0373
20.0387
20.0402
20.0415
20.0429
20.0441
20.0454
20.0465
20.0476
20.0487
20.0496
20.0506
20.0514
20.0523
20.053
20.0537
20.0544
20.0549
20.0555
20.0559
20.0564
20.0567
20.057
20.0573
20.0574
20.0576
20.0577
20.0577
20.0576
20.0576
20.0574
20.0572
20.057
20.0567
20.0564
20.056
20.0555
20.0551
20.0545
20.0539
20.0533
20.0526
20.0519
20.0512
20.0503
20.0495
20.0486
20.0477
20.0467
20.0457
20.0446
20.0435
20.0424
20.0412
20.04
20.0388
20.0375
20.0362
20.0348
20.0335
20.0321
20.0306
20.0292
20.0277
20.0262
20.0247
20.0232
20.0216
20.02
20.0184
20.0168
20.0151
20.0135
20.0118
20.0102
20.0085
20.0068
20.0051
20.0034
20.0017
20
20
20.0021
20.0043
20.0064
20.0085
20.0106
20.0127
20.0148
20.0168
20.0188
20.0208
20.0228
20.0247
20.0266
20.0285
20.0303
20.0321
20.0338
20.0355
20.0371
20.0387
20.0402
20.0417
20.0431
20.0445
20.0458
20.0471
20.0483
20.0494
20.0505
20.0515
20.0525
20.0534
20.0542
20.055
20.0558
20.0564
20.057
20.0576
20.0581
20.0585
20.0589
20.0592
20.0594
20.0596
20.0598
20.0599
20.0599
20.0598
20.0598
20.0596
20.0594
20.0592
20.0589
20.0585
20.0581
20.0577
20.0572
20.0566
20.056
20.0554
20.0547
20.0539
20.0531
20.0523
20.0514
20.0505
20.0495
20.0485
20.0474
20.0463
20.0452
20.044
20.0428
20.0416
20.0403
20.0389
20.0376
20.0362
20.0348
20.0333
20.0318
20.0303
20.0288
20.0272
20.0257
20.0241
20.0224
20.0208
20.0191
20.0174
20.0157
20.014
20.0123
20.0106
20.0088
20.0071
20.0053
20.0035
20.0018
20
20
20.0022
20.0044
20.0066
20.0088
20.011
20.0132
20.0153
20.0174
20.0195
20.0216
20.0236
20.0256
20.0276
20.0295
20.0314
20.0332
20.035
20.0367
20.0384
20.0401
20.0417
20.0432
20.0447
20.0461
20.0475
20.0488
20.05
20.0512
20.0523
20.0534
20.0544
20.0553
20.0562
20.057
20.0578
20.0584
20.0591
20.0596
20.0601
20.0606
20.061
20.0613
20.0616
20.0618
20.0619
20.062
20.062
20.062
20.0619
20.0617
20.0616
20.0613
20.061
20.0606
20.0602
20.0597
20.0592
20.0586
20.058
20.0573
20.0566
20.0559
20.055
20.0542
20.0533
20.0523
20.0513
20.0502
20.0491
20.048
20.0468
20.0456
20.0444
20.0431
20.0417
20.0404
20.039
20.0375
20.036
20.0345
20.033
20.0314
20.0299
20.0282
20.0266
20.0249
20.0233
20.0215
20.0198
20.0181
20.0163
20.0145
20.0128
20.011
20.0091
20.0073
20.0055
20.0037
20.0018
20
20
20.0023
20.0046
20.0068
20.0091
20.0114
20.0136
20.0158
20.018
20.0202
20.0223
20.0244
20.0265
20.0285
20.0305
20.0324
20.0343
20.0362
20.038
20.0397
20.0414
20.043
20.0446
20.0462
20.0476
20.049
20.0504
20.0517
20.0529
20.0541
20.0551
20.0562
20.0571
20.0581
20.0589
20.0597
20.0604
20.061
20.0616
20.0621
20.0626
20.063
20.0633
20.0636
20.0638
20.064
20.064
20.0641
20.064
20.064
20.0638
20.0636
20.0633
20.063
20.0626
20.0622
20.0617
20.0612
20.0606
20.06
20.0593
20.0585
20.0577
20.0569
20.056
20.055
20.0541
20.053
20.0519
20.0508
20.0496
20.0484
20.0472
20.0459
20.0445
20.0431
20.0417
20.0403
20.0388
20.0373
20.0357
20.0341
20.0325
20.0309
20.0292
20.0275
20.0258
20.024
20.0223
20.0205
20.0187
20.0169
20.015
20.0132
20.0113
20.0095
20.0076
20.0057
20.0038
20.0019
20
20
20.0024
20.0047
20.0071
20.0094
20.0117
20.014
20.0163
20.0186
20.0208
20.023
20.0251
20.0273
20.0294
20.0314
20.0334
20.0354
20.0373
20.0391
20.0409
20.0427
20.0444
20.046
20.0476
20.0491
20.0506
20.0519
20.0533
20.0545
20.0557
20.0569
20.0579
20.0589
20.0599
20.0607
20.0615
20.0623
20.0629
20.0635
20.0641
20.0645
20.065
20.0653
20.0656
20.0658
20.066
20.066
20.0661
20.066
20.066
20.0658
20.0656
20.0653
20.065
20.0646
20.0642
20.0637
20.0631
20.0625
20.0618
20.0611
20.0604
20.0595
20.0587
20.0577
20.0568
20.0558
20.0547
20.0536
20.0524
20.0512
20.0499
20.0487
20.0473
20.0459
20.0445
20.0431
20.0416
20.04
20.0385
20.0369
20.0352
20.0336
20.0319
20.0301
20.0284
20.0266
20.0248
20.023
20.0212
20.0193
20.0174
20.0155
20.0136
20.0117
20.0098
20.0078
20.0059
20.0039
20.002
20
20
20.0024
20.0049
20.0073
20.0097
20.0121
20.0144
20.0168
20.0191
20.0214
20.0237
20.0259
20.0281
20.0302
20.0323
20.0344
20.0364
20.0384
20.0403
20.0421
20.0439
20.0457
20.0474
20.049
20.0505
20.052
20.0535
20.0548
20.0561
20.0573
20.0585
20.0596
20.0606
20.0616
20.0625
20.0633
20.0641
20.0648
20.0654
20.0659
20.0664
20.0668
20.0672
20.0675
20.0677
20.0679
20.068
20.068
20.068
20.0679
20.0677
20.0675
20.0672
20.0669
20.0665
20.066
20.0655
20.065
20.0643
20.0637
20.0629
20.0621
20.0613
20.0604
20.0594
20.0584
20.0574
20.0563
20.0552
20.054
20.0527
20.0514
20.0501
20.0487
20.0473
20.0458
20.0443
20.0428
20.0412
20.0396
20.038
20.0363
20.0346
20.0328
20.031
20.0292
20.0274
20.0256
20.0237
20.0218
20.0199
20.0179
20.016
20.014
20.0121
20.0101
20.0081
20.0061
20.004
20.002
20
20
20.0025
20.005
20.0075
20.0099
20.0124
20.0148
20.0172
20.0196
20.022
20.0243
20.0266
20.0288
20.031
20.0332
20.0353
20.0374
20.0394
20.0414
20.0433
20.0451
20.0469
20.0486
20.0503
20.0519
20.0534
20.0549
20.0563
20.0576
20.0589
20.0601
20.0612
20.0623
20.0633
20.0642
20.065
20.0658
20.0665
20.0671
20.0677
20.0682
20.0687
20.069
20.0693
20.0695
20.0697
20.0698
20.0698
20.0698
20.0697
20.0696
20.0693
20.0691
20.0687
20.0683
20.0678
20.0673
20.0667
20.0661
20.0654
20.0646
20.0638
20.063
20.0621
20.0611
20.0601
20.059
20.0579
20.0567
20.0554
20.0542
20.0529
20.0515
20.0501
20.0486
20.0471
20.0456
20.044
20.0424
20.0407
20.039
20.0373
20.0355
20.0337
20.0319
20.0301
20.0282
20.0263
20.0244
20.0224
20.0204
20.0184
20.0164
20.0144
20.0124
20.0103
20.0083
20.0062
20.0042
20.0021
20
20
20.0026
20.0051
20.0077
20.0102
20.0127
20.0152
20.0177
20.0201
20.0225
20.0249
20.0273
20.0296
20.0318
20.0341
20.0362
20.0383
20.0404
20.0424
20.0444
20.0463
20.0481
20.0499
20.0516
20.0532
20.0548
20.0563
20.0577
20.0591
20.0604
20.0616
20.0628
20.0639
20.0649
20.0658
20.0667
20.0675
20.0682
20.0688
20.0694
20.0699
20.0704
20.0708
20.0711
20.0713
20.0715
20.0716
20.0716
20.0716
20.0715
20.0713
20.0711
20.0708
20.0705
20.07
20.0696
20.069
20.0684
20.0678
20.0671
20.0663
20.0655
20.0646
20.0636
20.0627
20.0616
20.0605
20.0593
20.0581
20.0569
20.0556
20.0542
20.0528
20.0514
20.0499
20.0483
20.0468
20.0451
20.0435
20.0418
20.04
20.0383
20.0365
20.0346
20.0328
20.0309
20.0289
20.027
20.025
20.023
20.021
20.0189
20.0169
20.0148
20.0127
20.0106
20.0085
20.0064
20.0043
20.0021
20
20
20.0026
20.0052
20.0078
20.0104
20.013
20.0156
20.0181
20.0206
20.0231
20.0255
20.0279
20.0303
20.0326
20.0349
20.0371
20.0393
20.0414
20.0434
20.0454
20.0474
20.0492
20.0511
20.0528
20.0545
20.0561
20.0576
20.0591
20.0605
20.0618
20.0631
20.0643
20.0654
20.0664
20.0674
20.0683
20.0691
20.0698
20.0705
20.0711
20.0716
20.0721
20.0724
20.0728
20.073
20.0732
20.0733
20.0733
20.0733
20.0732
20.073
20.0728
20.0725
20.0721
20.0717
20.0712
20.0707
20.0701
20.0694
20.0687
20.0679
20.067
20.0661
20.0652
20.0642
20.0631
20.062
20.0608
20.0595
20.0583
20.0569
20.0555
20.0541
20.0526
20.0511
20.0495
20.0479
20.0462
20.0445
20.0428
20.041
20.0392
20.0374
20.0355
20.0336
20.0316
20.0296
20.0276
20.0256
20.0236
20.0215
20.0194
20.0173
20.0152
20.013
20.0109
20.0087
20.0065
20.0044
20.0022
20
20
20.0027
20.0053
20.008
20.0107
20.0133
20.0159
20.0185
20.0211
20.0236
20.0261
20.0285
20.0309
20.0333
20.0356
20.0379
20.0401
20.0423
20.0444
20.0464
20.0484
20.0503
20.0522
20.054
20.0557
20.0573
20.0589
20.0604
20.0618
20.0632
20.0645
20.0657
20.0668
20.0679
20.0689
20.0698
20.0706
20.0714
20.072
20.0726
20.0732
20.0736
20.074
20.0744
20.0746
20.0748
20.0749
20.0749
20.0749
20.0748
20.0746
20.0744
20.0741
20.0737
20.0733
20.0728
20.0723
20.0716
20.071
20.0702
20.0694
20.0685
20.0676
20.0666
20.0656
20.0645
20.0633
20.0621
20.0609
20.0596
20.0582
20.0568
20.0553
20.0538
20.0522
20.0506
20.049
20.0473
20.0456
20.0438
20.042
20.0401
20.0382
20.0363
20.0343
20.0323
20.0303
20.0283
20.0262
20.0241
20.022
20.0199
20.0177
20.0155
20.0133
20.0111
20.0089
20.0067
20.0045
20.0022
20
20
20.0027
20.0055
20.0082
20.0109
20.0136
20.0162
20.0189
20.0215
20.0241
20.0266
20.0291
20.0316
20.034
20.0364
20.0387
20.041
20.0432
20.0453
20.0474
20.0494
20.0514
20.0533
20.0551
20.0568
20.0585
20.0601
20.0616
20.0631
20.0645
20.0658
20.067
20.0682
20.0693
20.0703
20.0712
20.072
20.0728
20.0735
20.0741
20.0747
20.0752
20.0756
20.0759
20.0761
20.0763
20.0764
20.0765
20.0764
20.0763
20.0762
20.0759
20.0756
20.0753
20.0748
20.0743
20.0738
20.0731
20.0724
20.0717
20.0709
20.07
20.069
20.068
20.067
20.0659
20.0647
20.0634
20.0622
20.0608
20.0594
20.058
20.0565
20.055
20.0534
20.0517
20.05
20.0483
20.0465
20.0447
20.0429
20.041
20.039
20.0371
20.0351
20.033
20.031
20.0289
20.0268
20.0246
20.0225
20.0203
20.0181
20.0159
20.0136
20.0114
20.0091
20.0068
20.0046
20.0023
20
20
20.0028
20.0056
20.0083
20.0111
20.0138
20.0165
20.0192
20.0219
20.0245
20.0271
20.0297
20.0322
20.0347
20.0371
20.0394
20.0417
20.044
20.0462
20.0483
20.0504
20.0524
20.0543
20.0561
20.0579
20.0596
20.0613
20.0628
20.0643
20.0657
20.0671
20.0683
20.0695
20.0706
20.0716
20.0726
20.0734
20.0742
20.0749
20.0756
20.0761
20.0766
20.077
20.0773
20.0776
20.0778
20.0779
20.0779
20.0779
20.0778
20.0776
20.0774
20.0771
20.0767
20.0763
20.0758
20.0752
20.0745
20.0738
20.0731
20.0722
20.0713
20.0704
20.0694
20.0683
20.0671
20.0659
20.0647
20.0634
20.062
20.0606
20.0591
20.0576
20.056
20.0544
20.0527
20.051
20.0493
20.0474
20.0456
20.0437
20.0418
20.0398
20.0378
20.0358
20.0337
20.0316
20.0295
20.0273
20.0251
20.0229
20.0207
20.0184
20.0162
20.0139
20.0116
20.0093
20.007
20.0047
20.0023
20
20
20.0028
20.0057
20.0085
20.0113
20.0141
20.0168
20.0196
20.0223
20.025
20.0276
20.0302
20.0328
20.0353
20.0377
20.0401
20.0425
20.0448
20.047
20.0492
20.0513
20.0533
20.0553
20.0571
20.059
20.0607
20.0624
20.0639
20.0655
20.0669
20.0683
20.0695
20.0707
20.0718
20.0729
20.0738
20.0747
20.0755
20.0763
20.0769
20.0775
20.078
20.0784
20.0787
20.079
20.0792
20.0793
20.0793
20.0793
20.0792
20.079
20.0788
20.0785
20.0781
20.0776
20.0771
20.0765
20.0759
20.0752
20.0744
20.0735
20.0726
20.0716
20.0706
20.0695
20.0684
20.0671
20.0659
20.0645
20.0631
20.0617
20.0602
20.0587
20.0571
20.0554
20.0537
20.052
20.0502
20.0483
20.0464
20.0445
20.0425
20.0405
20.0385
20.0364
20.0343
20.0322
20.03
20.0278
20.0256
20.0233
20.0211
20.0188
20.0165
20.0142
20.0118
20.0095
20.0071
20.0047
20.0024
20
20
20.0029
20.0058
20.0086
20.0115
20.0143
20.0171
20.0199
20.0227
20.0254
20.0281
20.0307
20.0333
20.0359
20.0384
20.0408
20.0432
20.0455
20.0478
20.05
20.0521
20.0542
20.0562
20.0581
20.0599
20.0617
20.0634
20.065
20.0665
20.068
20.0694
20.0707
20.0719
20.073
20.0741
20.0751
20.076
20.0768
20.0775
20.0782
20.0788
20.0793
20.0797
20.08
20.0803
20.0805
20.0806
20.0806
20.0806
20.0805
20.0803
20.0801
20.0798
20.0794
20.0789
20.0784
20.0778
20.0771
20.0764
20.0756
20.0748
20.0738
20.0728
20.0718
20.0707
20.0695
20.0683
20.067
20.0656
20.0642
20.0627
20.0612
20.0597
20.058
20.0563
20.0546
20.0528
20.051
20.0492
20.0472
20.0453
20.0433
20.0412
20.0392
20.0371
20.0349
20.0327
20.0305
20.0283
20.026
20.0238
20.0214
20.0191
20.0168
20.0144
20.012
20.0096
20.0072
20.0048
20.0024
20
20
20.0029
20.0058
20.0088
20.0117
20.0145
20.0174
20.0202
20.023
20.0258
20.0285
20.0312
20.0338
20.0364
20.0389
20.0414
20.0439
20.0462
20.0485
20.0508
20.0529
20.055
20.057
20.059
20.0608
20.0626
20.0644
20.066
20.0676
20.069
20.0704
20.0718
20.073
20.0741
20.0752
20.0762
20.0771
20.0779
20.0787
20.0794
20.08
20.0805
20.0809
20.0812
20.0815
20.0817
20.0818
20.0819
20.0818
20.0817
20.0816
20.0813
20.081
20.0806
20.0801
20.0796
20.079
20.0783
20.0776
20.0768
20.0759
20.075
20.074
20.0729
20.0718
20.0706
20.0693
20.068
20.0666
20.0652
20.0637
20.0622
20.0606
20.0589
20.0572
20.0555
20.0537
20.0518
20.0499
20.048
20.046
20.044
20.0419
20.0398
20.0377
20.0355
20.0333
20.031
20.0288
20.0265
20.0241
20.0218
20.0194
20.017
20.0146
20.0122
20.0098
20.0074
20.0049
20.0025
20
20
20.003
20.0059
20.0089
20.0118
20.0147
20.0176
20.0205
20.0233
20.0261
20.0289
20.0316
20.0343
20.0369
20.0395
20.042
20.0445
20.0469
20.0492
20.0515
20.0537
20.0558
20.0578
20.0598
20.0617
20.0635
20.0653
20.0669
20.0685
20.07
20.0714
20.0728
20.074
20.0752
20.0763
20.0773
20.0782
20.079
20.0798
20.0805
20.0811
20.0816
20.082
20.0824
20.0827
20.0829
20.083
20.083
20.083
20.0829
20.0827
20.0825
20.0821
20.0817
20.0813
20.0807
20.0801
20.0794
20.0787
20.0779
20.077
20.076
20.075
20.0739
20.0728
20.0716
20.0703
20.069
20.0676
20.0662
20.0647
20.0631
20.0615
20.0598
20.0581
20.0563
20.0545
20.0526
20.0507
20.0487
20.0467
20.0446
20.0425
20.0404
20.0382
20.036
20.0338
20.0315
20.0292
20.0268
20.0245
20.0221
20.0197
20.0173
20.0149
20.0124
20.0099
20.0075
20.005
20.0025
20
20
20.003
20.006
20.009
20.012
20.0149
20.0179
20.0208
20.0236
20.0265
20.0293
20.032
20.0347
20.0374
20.04
20.0426
20.0451
20.0475
20.0498
20.0521
20.0544
20.0565
20.0586
20.0606
20.0625
20.0643
20.0661
20.0678
20.0694
20.0709
20.0723
20.0737
20.075
20.0762
20.0773
20.0783
20.0792
20.0801
20.0808
20.0815
20.0821
20.0826
20.0831
20.0834
20.0837
20.0839
20.0841
20.0841
20.0841
20.084
20.0838
20.0835
20.0832
20.0828
20.0823
20.0818
20.0812
20.0805
20.0797
20.0789
20.078
20.077
20.076
20.0749
20.0738
20.0725
20.0713
20.0699
20.0685
20.067
20.0655
20.0639
20.0623
20.0606
20.0588
20.057
20.0552
20.0533
20.0513
20.0494
20.0473
20.0452
20.0431
20.0409
20.0387
20.0365
20.0342
20.0319
20.0296
20.0272
20.0248
20.0224
20.02
20.0175
20.0151
20.0126
20.0101
20.0076
20.0051
20.0025
20
20
20.003
20.0061
20.0091
20.0121
20.0151
20.0181
20.021
20.0239
20.0268
20.0296
20.0324
20.0352
20.0379
20.0405
20.0431
20.0456
20.048
20.0504
20.0527
20.055
20.0572
20.0593
20.0613
20.0632
20.0651
20.0669
20.0686
20.0702
20.0717
20.0732
20.0746
20.0759
20.0771
20.0782
20.0792
20.0801
20.081
20.0818
20.0825
20.0831
20.0836
20.0841
20.0844
20.0847
20.0849
20.085
20.0851
20.0851
20.085
20.0848
20.0845
20.0842
20.0838
20.0833
20.0828
20.0821
20.0814
20.0807
20.0798
20.0789
20.078
20.0769
20.0758
20.0746
20.0734
20.0721
20.0708
20.0693
20.0679
20.0663
20.0647
20.0631
20.0613
20.0596
20.0578
20.0559
20.054
20.052
20.05
20.0479
20.0458
20.0436
20.0414
20.0392
20.0369
20.0346
20.0323
20.03
20.0276
20.0251
20.0227
20.0202
20.0178
20.0152
20.0127
20.0102
20.0077
20.0051
20.0026
20
20
20.0031
20.0061
20.0092
20.0122
20.0153
20.0183
20.0212
20.0242
20.0271
20.0299
20.0328
20.0355
20.0383
20.0409
20.0435
20.0461
20.0486
20.051
20.0533
20.0556
20.0578
20.0599
20.062
20.0639
20.0658
20.0676
20.0693
20.071
20.0725
20.074
20.0754
20.0767
20.0779
20.079
20.08
20.081
20.0819
20.0827
20.0834
20.084
20.0845
20.085
20.0853
20.0856
20.0858
20.086
20.086
20.086
20.0859
20.0857
20.0854
20.0851
20.0847
20.0842
20.0836
20.083
20.0823
20.0815
20.0807
20.0798
20.0788
20.0778
20.0766
20.0755
20.0742
20.0729
20.0715
20.0701
20.0686
20.067
20.0654
20.0638
20.062
20.0602
20.0584
20.0565
20.0546
20.0526
20.0505
20.0484
20.0463
20.0441
20.0419
20.0397
20.0374
20.035
20.0327
20.0303
20.0279
20.0254
20.023
20.0205
20.018
20.0154
20.0129
20.0103
20.0077
20.0052
20.0026
20
20
20.0031
20.0062
20.0093
20.0124
20.0154
20.0184
20.0214
20.0244
20.0273
20.0302
20.0331
20.0359
20.0386
20.0413
20.044
20.0465
20.049
20.0515
20.0538
20.0561
20.0583
20.0605
20.0626
20.0645
20.0664
20.0683
20.07
20.0717
20.0732
20.0747
20.0761
20.0774
20.0786
20.0798
20.0808
20.0818
20.0827
20.0835
20.0842
20.0848
20.0853
20.0858
20.0862
20.0865
20.0867
20.0868
20.0868
20.0868
20.0867
20.0865
20.0863
20.0859
20.0855
20.085
20.0845
20.0838
20.0831
20.0823
20.0815
20.0806
20.0796
20.0785
20.0774
20.0762
20.075
20.0736
20.0722
20.0708
20.0693
20.0677
20.0661
20.0644
20.0626
20.0608
20.059
20.0571
20.0551
20.0531
20.051
20.0489
20.0468
20.0446
20.0423
20.0401
20.0378
20.0354
20.033
20.0306
20.0282
20.0257
20.0232
20.0207
20.0181
20.0156
20.013
20.0104
20.0078
20.0052
20.0026
20
20
20.0031
20.0063
20.0094
20.0125
20.0155
20.0186
20.0216
20.0246
20.0276
20.0305
20.0334
20.0362
20.039
20.0417
20.0443
20.0469
20.0495
20.0519
20.0543
20.0566
20.0589
20.061
20.0631
20.0651
20.067
20.0689
20.0706
20.0723
20.0739
20.0754
20.0768
20.0781
20.0793
20.0805
20.0815
20.0825
20.0834
20.0842
20.0849
20.0855
20.0861
20.0865
20.0869
20.0872
20.0874
20.0876
20.0876
20.0876
20.0875
20.0873
20.087
20.0867
20.0863
20.0858
20.0852
20.0846
20.0839
20.0831
20.0822
20.0813
20.0803
20.0792
20.0781
20.0769
20.0756
20.0743
20.0729
20.0714
20.0699
20.0683
20.0667
20.065
20.0632
20.0614
20.0595
20.0576
20.0556
20.0536
20.0515
20.0494
20.0472
20.045
20.0427
20.0404
20.0381
20.0357
20.0333
20.0309
20.0284
20.0259
20.0234
20.0209
20.0183
20.0157
20.0131
20.0105
20.0079
20.0053
20.0026
20
20
20.0032
20.0063
20.0094
20.0126
20.0157
20.0187
20.0218
20.0248
20.0278
20.0307
20.0336
20.0365
20.0393
20.042
20.0447
20.0473
20.0498
20.0523
20.0547
20.057
20.0593
20.0615
20.0636
20.0656
20.0675
20.0694
20.0712
20.0728
20.0744
20.0759
20.0774
20.0787
20.0799
20.0811
20.0821
20.0831
20.084
20.0848
20.0855
20.0862
20.0867
20.0872
20.0876
20.0879
20.0881
20.0882
20.0883
20.0882
20.0881
20.088
20.0877
20.0873
20.0869
20.0864
20.0859
20.0852
20.0845
20.0837
20.0829
20.0819
20.0809
20.0798
20.0787
20.0775
20.0762
20.0749
20.0735
20.072
20.0705
20.0689
20.0672
20.0655
20.0637
20.0619
20.06
20.0581
20.0561
20.054
20.0519
20.0498
20.0476
20.0454
20.0431
20.0408
20.0384
20.036
20.0336
20.0311
20.0287
20.0261
20.0236
20.021
20.0185
20.0159
20.0132
20.0106
20.008
20.0053
20.0027
20
20
20.0032
20.0063
20.0095
20.0126
20.0158
20.0189
20.0219
20.025
20.028
20.0309
20.0339
20.0367
20.0395
20.0423
20.045
20.0476
20.0502
20.0527
20.0551
20.0574
20.0597
20.0619
20.064
20.066
20.068
20.0699
20.0716
20.0733
20.0749
20.0764
20.0779
20.0792
20.0805
20.0816
20.0827
20.0837
20.0846
20.0854
20.0861
20.0868
20.0873
20.0878
20.0882
20.0885
20.0887
20.0888
20.0889
20.0888
20.0887
20.0885
20.0883
20.0879
20.0875
20.087
20.0864
20.0858
20.0851
20.0843
20.0834
20.0825
20.0815
20.0804
20.0792
20.078
20.0767
20.0754
20.074
20.0725
20.071
20.0694
20.0677
20.066
20.0642
20.0623
20.0604
20.0585
20.0565
20.0544
20.0523
20.0501
20.0479
20.0457
20.0434
20.0411
20.0387
20.0363
20.0338
20.0314
20.0289
20.0263
20.0238
20.0212
20.0186
20.016
20.0133
20.0107
20.008
20.0054
20.0027
20
20
20.0032
20.0064
20.0096
20.0127
20.0159
20.019
20.0221
20.0251
20.0282
20.0311
20.0341
20.0369
20.0398
20.0425
20.0452
20.0479
20.0505
20.053
20.0554
20.0578
20.0601
20.0623
20.0644
20.0664
20.0684
20.0703
20.072
20.0737
20.0754
20.0769
20.0783
20.0797
20.0809
20.0821
20.0832
20.0842
20.0851
20.0859
20.0866
20.0873
20.0878
20.0883
20.0887
20.089
20.0892
20.0893
20.0894
20.0894
20.0893
20.0891
20.0888
20.0885
20.088
20.0875
20.087
20.0863
20.0856
20.0848
20.0839
20.083
20.082
20.0809
20.0797
20.0785
20.0772
20.0758
20.0744
20.0729
20.0714
20.0698
20.0681
20.0664
20.0646
20.0627
20.0608
20.0588
20.0568
20.0547
20.0526
20.0504
20.0482
20.046
20.0437
20.0413
20.0389
20.0365
20.0341
20.0316
20.029
20.0265
20.0239
20.0213
20.0187
20.0161
20.0134
20.0108
20.0081
20.0054
20.0027
20
20
20.0032
20.0064
20.0096
20.0128
20.0159
20.0191
20.0222
20.0253
20.0283
20.0313
20.0342
20.0371
20.04
20.0427
20.0455
20.0481
20.0507
20.0532
20.0557
20.0581
20.0603
20.0626
20.0647
20.0667
20.0687
20.0706
20.0724
20.0741
20.0757
20.0773
20.0787
20.0801
20.0813
20.0825
20.0836
20.0846
20.0855
20.0863
20.087
20.0877
20.0882
20.0887
20.0891
20.0894
20.0896
20.0898
20.0898
20.0898
20.0897
20.0895
20.0892
20.0889
20.0885
20.088
20.0874
20.0867
20.086
20.0852
20.0843
20.0834
20.0824
20.0813
20.0801
20.0789
20.0776
20.0762
20.0748
20.0733
20.0717
20.0701
20.0684
20.0667
20.0649
20.063
20.0611
20.0591
20.0571
20.055
20.0529
20.0507
20.0485
20.0462
20.0439
20.0415
20.0391
20.0367
20.0342
20.0317
20.0292
20.0266
20.024
20.0214
20.0188
20.0162
20.0135
20.0108
20.0081
20.0054
20.0027
20
20
20.0032
20.0064
20.0096
20.0128
20.016
20.0192
20.0223
20.0254
20.0284
20.0314
20.0344
20.0373
20.0401
20.0429
20.0456
20.0483
20.0509
20.0534
20.0559
20.0583
20.0606
20.0628
20.065
20.067
20.069
20.0709
20.0727
20.0744
20.076
20.0776
20.079
20.0804
20.0816
20.0828
20.0839
20.0849
20.0858
20.0867
20.0874
20.088
20.0886
20.0891
20.0895
20.0898
20.09
20.0901
20.0902
20.0902
20.0901
20.0899
20.0896
20.0892
20.0888
20.0883
20.0877
20.0871
20.0863
20.0855
20.0847
20.0837
20.0827
20.0816
20.0804
20.0792
20.0779
20.0765
20.0751
20.0736
20.072
20.0704
20.0687
20.067
20.0652
20.0633
20.0614
20.0594
20.0573
20.0553
20.0531
20.0509
20.0487
20.0464
20.0441
20.0417
20.0393
20.0369
20.0344
20.0319
20.0293
20.0268
20.0242
20.0215
20.0189
20.0162
20.0135
20.0109
20.0082
20.0054
20.0027
20
20
20.0032
20.0065
20.0097
20.0129
20.0161
20.0192
20.0223
20.0254
20.0285
20.0315
20.0345
20.0374
20.0402
20.043
20.0458
20.0485
20.0511
20.0536
20.0561
20.0585
20.0608
20.063
20.0652
20.0672
20.0692
20.0711
20.0729
20.0746
20.0763
20.0778
20.0793
20.0806
20.0819
20.0831
20.0842
20.0852
20.0861
20.0869
20.0877
20.0883
20.0889
20.0894
20.0897
20.09
20.0903
20.0904
20.0905
20.0904
20.0903
20.0901
20.0899
20.0895
20.0891
20.0886
20.088
20.0874
20.0866
20.0858
20.0849
20.084
20.083
20.0819
20.0807
20.0795
20.0782
20.0768
20.0753
20.0738
20.0723
20.0706
20.0689
20.0672
20.0654
20.0635
20.0616
20.0596
20.0575
20.0554
20.0533
20.0511
20.0488
20.0466
20.0442
20.0418
20.0394
20.037
20.0345
20.032
20.0294
20.0268
20.0242
20.0216
20.019
20.0163
20.0136
20.0109
20.0082
20.0055
20.0027
20
20
20.0032
20.0065
20.0097
20.0129
20.0161
20.0193
20.0224
20.0255
20.0286
20.0316
20.0345
20.0375
20.0403
20.0431
20.0459
20.0486
20.0512
20.0537
20.0562
20.0586
20.0609
20.0631
20.0653
20.0674
20.0694
20.0713
20.0731
20.0748
20.0764
20.078
20.0794
20.0808
20.0821
20.0833
20.0844
20.0854
20.0863
20.0871
20.0878
20.0885
20.0891
20.0895
20.0899
20.0902
20.0905
20.0906
20.0907
20.0906
20.0905
20.0903
20.0901
20.0897
20.0893
20.0888
20.0882
20.0875
20.0868
20.086
20.0851
20.0842
20.0831
20.082
20.0809
20.0796
20.0783
20.077
20.0755
20.074
20.0724
20.0708
20.0691
20.0673
20.0655
20.0636
20.0617
20.0597
20.0577
20.0556
20.0534
20.0512
20.049
20.0467
20.0443
20.0419
20.0395
20.0371
20.0346
20.032
20.0295
20.0269
20.0243
20.0217
20.019
20.0163
20.0136
20.0109
20.0082
20.0055
20.0027
20
20
20.0032
20.0065
20.0097
20.0129
20.0161
20.0193
20.0224
20.0255
20.0286
20.0316
20.0346
20.0375
20.0404
20.0432
20.0459
20.0486
20.0513
20.0538
20.0563
20.0587
20.061
20.0632
20.0654
20.0675
20.0694
20.0713
20.0732
20.0749
20.0765
20.0781
20.0795
20.0809
20.0822
20.0834
20.0845
20.0855
20.0864
20.0872
20.088
20.0886
20.0892
20.0897
20.0901
20.0904
20.0906
20.0907
20.0908
20.0908
20.0906
20.0905
20.0902
20.0898
20.0894
20.0889
20.0883
20.0877
20.0869
20.0861
20.0852
20.0843
20.0833
20.0821
20.081
20.0797
20.0784
20.0771
20.0756
20.0741
20.0725
20.0709
20.0692
20.0674
20.0656
20.0637
20.0618
20.0598
20.0577
20.0556
20.0535
20.0513
20.049
20.0467
20.0444
20.042
20.0396
20.0371
20.0346
20.0321
20.0295
20.0269
20.0243
20.0217
20.019
20.0163
20.0136
20.0109
20.0082
20.0055
20.0027
20
20
20.0032
20.0065
20.0097
20.0129
20.0161
20.0193
20.0224
20.0255
20.0286
20.0316
20.0346
20.0375
20.0404
20.0432
20.046
20.0487
20.0513
20.0538
20.0563
20.0587
20.061
20.0632
20.0654
20.0675
20.0695
20.0714
20.0732
20.0749
20.0766
20.0781
20.0796
20.0809
20.0822
20.0834
20.0845
20.0855
20.0864
20.0873
20.088
20.0887
20.0892
20.0897
20.0901
20.0904
20.0906
20.0908
20.0908
20.0908
20.0907
20.0905
20.0902
20.0899
20.0894
20.0889
20.0884
20.0877
20.087
20.0862
20.0853
20.0843
20.0833
20.0822
20.081
20.0798
20.0785
20.0771
20.0756
20.0741
20.0726
20.0709
20.0692
20.0675
20.0656
20.0638
20.0618
20.0598
20.0578
20.0557
20.0535
20.0513
20.0491
20.0468
20.0444
20.042
20.0396
20.0371
20.0346
20.0321
20.0295
20.027
20.0243
20.0217
20.019
20.0163
20.0137
20.0109
20.0082
20.0055
20.0027
20
20
20.0032
20.0065
20.0097
20.0129
20.0161
20.0193
20.0224
20.0255
20.0286
20.0316
20.0346
20.0375
20.0404
20.0432
20.0459
20.0486
20.0513
20.0538
20.0563
20.0587
20.061
20.0632
20.0654
20.0675
20.0694
20.0713
20.0732
20.0749
20.0765
20.0781
20.0795
20.0809
20.0822
20.0834
20.0845
20.0855
20.0864
20.0872
20.088
20.0886
20.0892
20.0897
20.0901
20.0904
20.0906
20.0907
20.0908
20.0908
20.0907
20.0905
20.0902
20.0898
20.0894
20.0889
20.0883
20.0877
20.0869
20.0861
20.0852
20.0843
20.0833
20.0822
20.081
20.0797
20.0784
20.0771
20.0756
20.0741
20.0725
20.0709
20.0692
20.0674
20.0656
20.0637
20.0618
20.0598
20.0577
20.0556
20.0535
20.0513
20.049
20.0467
20.0444
20.042
20.0396
20.0371
20.0346
20.0321
20.0295
20.0269
20.0243
20.0217
20.019
20.0163
20.0136
20.0109
20.0082
20.0055
20.0027
20
20
20.0032
20.0065
20.0097
20.0129
20.0161
20.0193
20.0224
20.0255
20.0286
20.0316
20.0345
20.0375
20.0403
20.0431
20.0459
20.0486
20.0512
20.0537
20.0562
20.0586
20.0609
20.0631
20.0653
20.0674
20.0694
20.0713
20.0731
20.0748
20.0764
20.078
20.0794
20.0808
20.0821
20.0833
20.0844
20.0854
20.0863
20.0871
20.0879
20.0885
20.0891
20.0895
20.0899
20.0902
20.0905
20.0906
20.0907
20.0906
20.0905
20.0903
20.0901
20.0897
20.0893
20.0888
20.0882
20.0875
20.0868
20.086
20.0851
20.0842
20.0831
20.082
20.0809
20.0796
20.0783
20.077
20.0755
20.074
20.0724
20.0708
20.0691
20.0673
20.0655
20.0636
20.0617
20.0597
20.0577
20.0556
20.0534
20.0512
20.049
20.0467
20.0443
20.0419
20.0395
20.0371
20.0346
20.032
20.0295
20.0269
20.0243
20.0217
20.019
20.0163
20.0136
20.0109
20.0082
20.0055
20.0027
20
20
20.0032
20.0065
20.0097
20.0129
20.0161
20.0192
20.0223
20.0254
20.0285
20.0315
20.0345
20.0374
20.0402
20.043
20.0458
20.0485
20.0511
20.0536
20.0561
20.0585
20.0608
20.063
20.0652
20.0672
20.0692
20.0711
20.0729
20.0746
20.0763
20.0778
20.0793
20.0806
20.0819
20.0831
20.0842
20.0852
20.0861
20.0869
20.0877
20.0883
20.0889
20.0894
20.0897
20.0901
20.0903
20.0904
20.0905
20.0904
20.0903
20.0901
20.0899
20.0895
20.0891
20.0886
20.088
20.0874
20.0866
20.0858
20.0849
20.084
20.083
20.0819
20.0807
20.0795
20.0782
20.0768
20.0753
20.0738
20.0723
20.0706
20.0689
20.0672
20.0654
20.0635
20.0616
20.0596
20.0575
20.0554
20.0533
20.0511
20.0488
20.0466
20.0442
20.0418
20.0394
20.037
20.0345
20.032
20.0294
20.0268
20.0242
20.0216
20.019
20.0163
20.0136
20.0109
20.0082
20.0055
20.0027
20
20
20.0032
20.0064
20.0096
20.0128
20.016
20.0192
20.0223
20.0254
20.0284
20.0314
20.0344
20.0373
20.0401
20.0429
20.0456
20.0483
20.0509
20.0534
20.0559
20.0583
20.0606
20.0628
20.065
20.067
20.069
20.0709
20.0727
20.0744
20.076
20.0776
20.079
20.0804
20.0817
20.0828
20.0839
20.0849
20.0858
20.0867
20.0874
20.088
20.0886
20.0891
20.0895
20.0898
20.09
20.0901
20.0902
20.0902
20.0901
20.0899
20.0896
20.0892
20.0888
20.0883
20.0877
20.0871
20.0864
20.0855
20.0847
20.0837
20.0827
20.0816
20.0804
20.0792
20.0779
20.0765
20.0751
20.0736
20.072
20.0704
20.0687
20.067
20.0652
20.0633
20.0614
20.0594
20.0573
20.0553
20.0531
20.0509
20.0487
20.0464
20.0441
20.0417
20.0393
20.0369
20.0344
20.0319
20.0293
20.0268
20.0242
20.0215
20.0189
20.0162
20.0135
20.0109
20.0082
20.0054
20.0027
20
20
20.0032
20.0064
20.0096
20.0128
20.0159
20.0191
20.0222
20.0253
20.0283
20.0313
20.0342
20.0371
20.04
20.0427
20.0455
20.0481
20.0507
20.0532
20.0557
20.0581
20.0603
20.0626
20.0647
20.0668
20.0687
20.0706
20.0724
20.0741
20.0757
20.0773
20.0787
20.0801
20.0813
20.0825
20.0836
20.0846
20.0855
20.0863
20.087
20.0877
20.0883
20.0887
20.0891
20.0894
20.0896
20.0898
20.0898
20.0898
20.0897
20.0895
20.0892
20.0889
20.0885
20.088
20.0874
20.0867
20.086
20.0852
20.0843
20.0834
20.0824
20.0813
20.0801
20.0789
20.0776
20.0762
20.0748
20.0733
20.0718
20.0701
20.0684
20.0667
20.0649
20.063
20.0611
20.0591
20.0571
20.055
20.0529
20.0507
20.0485
20.0462
20.0439
20.0415
20.0391
20.0367
20.0342
20.0317
20.0292
20.0266
20.0241
20.0214
20.0188
20.0162
20.0135
20.0108
20.0081
20.0054
20.0027
20
20
20.0032
20.0064
20.0096
20.0127
20.0159
20.019
20.0221
20.0251
20.0282
20.0311
20.0341
20.0369
20.0398
20.0425
20.0452
20.0479
20.0505
20.053
20.0554
20.0578
20.0601
20.0623
20.0644
20.0664
20.0684
20.0703
20.0721
20.0738
20.0754
20.0769
20.0783
20.0797
20.0809
20.0821
20.0832
20.0842
20.0851
20.0859
20.0866
20.0873
20.0878
20.0883
20.0887
20.089
20.0892
20.0893
20.0894
20.0894
20.0893
20.0891
20.0888
20.0885
20.088
20.0875
20.087
20.0863
20.0856
20.0848
20.0839
20.083
20.082
20.0809
20.0797
20.0785
20.0772
20.0759
20.0744
20.0729
20.0714
20.0698
20.0681
20.0664
20.0646
20.0627
20.0608
20.0588
20.0568
20.0547
20.0526
20.0505
20.0482
20.046
20.0437
20.0413
20.0389
20.0365
20.0341
20.0316
20.029
20.0265
20.0239
20.0213
20.0187
20.0161
20.0134
20.0108
20.0081
20.0054
20.0027
20
20
20.0032
20.0063
20.0095
20.0126
20.0158
20.0189
20.0219
20.025
20.028
20.031
20.0339
20.0367
20.0395
20.0423
20.045
20.0476
20.0502
20.0527
20.0551
20.0574
20.0597
20.0619
20.064
20.066
20.068
20.0699
20.0716
20.0733
20.0749
20.0765
20.0779
20.0792
20.0805
20.0816
20.0827
20.0837
20.0846
20.0854
20.0861
20.0868
20.0873
20.0878
20.0882
20.0885
20.0887
20.0888
20.0889
20.0889
20.0887
20.0886
20.0883
20.0879
20.0875
20.087
20.0865
20.0858
20.0851
20.0843
20.0834
20.0825
20.0815
20.0804
20.0793
20.078
20.0768
20.0754
20.074
20.0725
20.071
20.0694
20.0677
20.066
20.0642
20.0623
20.0604
20.0585
20.0565
20.0544
20.0523
20.0501
20.0479
20.0457
20.0434
20.0411
20.0387
20.0363
20.0338
20.0314
20.0289
20.0263
20.0238
20.0212
20.0186
20.016
20.0133
20.0107
20.008
20.0054
20.0027
20
20
20.0032
20.0063
20.0094
20.0126
20.0157
20.0187
20.0218
20.0248
20.0278
20.0307
20.0336
20.0365
20.0393
20.042
20.0447
20.0473
20.0498
20.0523
20.0547
20.0571
20.0593
20.0615
20.0636
20.0656
20.0675
20.0694
20.0712
20.0728
20.0744
20.0759
20.0774
20.0787
20.0799
20.0811
20.0822
20.0831
20.084
20.0848
20.0856
20.0862
20.0867
20.0872
20.0876
20.0879
20.0881
20.0882
20.0883
20.0883
20.0882
20.088
20.0877
20.0874
20.0869
20.0864
20.0859
20.0852
20.0845
20.0837
20.0829
20.0819
20.0809
20.0799
20.0787
20.0775
20.0762
20.0749
20.0735
20.072
20.0705
20.0689
20.0672
20.0655
20.0637
20.0619
20.06
20.0581
20.0561
20.054
20.0519
20.0498
20.0476
20.0454
20.0431
20.0408
20.0384
20.036
20.0336
20.0312
20.0287
20.0261
20.0236
20.021
20.0185
20.0159
20.0132
20.0106
20.008
20.0053
20.0027
20
20
20.0031
20.0063
20.0094
20.0125
20.0155
20.0186
20.0216
20.0246
20.0276
20.0305
20.0334
20.0362
20.039
20.0417
20.0443
20.0469
20.0495
20.0519
20.0543
20.0566
20.0589
20.061
20.0631
20.0651
20.067
20.0689
20.0706
20.0723
20.0739
20.0754
20.0768
20.0781
20.0793
20.0805
20.0815
20.0825
20.0834
20.0842
20.0849
20.0855
20.0861
20.0865
20.0869
20.0872
20.0874
20.0876
20.0876
20.0876
20.0875
20.0873
20.087
20.0867
20.0863
20.0858
20.0852
20.0846
20.0839
20.0831
20.0822
20.0813
20.0803
20.0792
20.0781
20.0769
20.0756
20.0743
20.0729
20.0714
20.0699
20.0683
20.0667
20.065
20.0632
20.0614
20.0595
20.0576
20.0556
20.0536
20.0515
20.0494
20.0472
20.045
20.0427
20.0404
20.0381
20.0357
20.0333
20.0309
20.0284
20.0259
20.0234
20.0209
20.0183
20.0157
20.0131
20.0105
20.0079
20.0053
20.0026
20
20
20.0031
20.0062
20.0093
20.0124
20.0154
20.0184
20.0214
20.0244
20.0273
20.0302
20.0331
20.0359
20.0386
20.0413
20.044
20.0465
20.049
20.0515
20.0538
20.0561
20.0584
20.0605
20.0626
20.0645
20.0665
20.0683
20.07
20.0717
20.0732
20.0747
20.0761
20.0774
20.0786
20.0798
20.0808
20.0818
20.0827
20.0835
20.0842
20.0848
20.0853
20.0858
20.0862
20.0865
20.0867
20.0868
20.0869
20.0868
20.0867
20.0865
20.0863
20.0859
20.0855
20.085
20.0845
20.0838
20.0831
20.0824
20.0815
20.0806
20.0796
20.0785
20.0774
20.0762
20.075
20.0736
20.0723
20.0708
20.0693
20.0677
20.0661
20.0644
20.0627
20.0609
20.059
20.0571
20.0551
20.0531
20.0511
20.0489
20.0468
20.0446
20.0424
20.0401
20.0378
20.0354
20.033
20.0306
20.0282
20.0257
20.0232
20.0207
20.0181
20.0156
20.013
20.0104
20.0078
20.0052
20.0026
20
20
20.0031
20.0061
20.0092
20.0122
20.0153
20.0183
20.0212
20.0242
20.0271
20.0299
20.0328
20.0355
20.0383
20.0409
20.0435
20.0461
20.0486
20.051
20.0533
20.0556
20.0578
20.0599
20.062
20.0639
20.0658
20.0676
20.0693
20.071
20.0725
20.074
20.0754
20.0767
20.0779
20.079
20.0801
20.081
20.0819
20.0827
20.0834
20.084
20.0845
20.085
20.0853
20.0856
20.0858
20.086
20.086
20.086
20.0859
20.0857
20.0854
20.0851
20.0847
20.0842
20.0837
20.083
20.0823
20.0816
20.0807
20.0798
20.0788
20.0778
20.0767
20.0755
20.0742
20.0729
20.0715
20.0701
20.0686
20.0671
20.0654
20.0638
20.062
20.0602
20.0584
20.0565
20.0546
20.0526
20.0505
20.0484
20.0463
20.0441
20.0419
20.0397
20.0374
20.0351
20.0327
20.0303
20.0279
20.0254
20.023
20.0205
20.018
20.0154
20.0129
20.0103
20.0078
20.0052
20.0026
20
20
20.003
20.0061
20.0091
20.0121
20.0151
20.0181
20.021
20.0239
20.0268
20.0296
20.0324
20.0352
20.0379
20.0405
20.0431
20.0456
20.048
20.0504
20.0528
20.055
20.0572
20.0593
20.0613
20.0632
20.0651
20.0669
20.0686
20.0702
20.0718
20.0732
20.0746
20.0759
20.0771
20.0782
20.0792
20.0802
20.081
20.0818
20.0825
20.0831
20.0836
20.0841
20.0844
20.0847
20.0849
20.0851
20.0851
20.0851
20.085
20.0848
20.0845
20.0842
20.0838
20.0833
20.0828
20.0821
20.0814
20.0807
20.0798
20.0789
20.078
20.0769
20.0758
20.0747
20.0734
20.0721
20.0708
20.0693
20.0679
20.0663
20.0647
20.0631
20.0614
20.0596
20.0578
20.0559
20.054
20.052
20.05
20.0479
20.0458
20.0436
20.0415
20.0392
20.037
20.0347
20.0323
20.03
20.0276
20.0251
20.0227
20.0202
20.0178
20.0153
20.0127
20.0102
20.0077
20.0051
20.0026
20
20
20.003
20.006
20.009
20.012
20.0149
20.0179
20.0208
20.0236
20.0265
20.0293
20.032
20.0348
20.0374
20.04
20.0426
20.0451
20.0475
20.0498
20.0521
20.0544
20.0565
20.0586
20.0606
20.0625
20.0644
20.0661
20.0678
20.0694
20.0709
20.0724
20.0737
20.075
20.0762
20.0773
20.0783
20.0792
20.0801
20.0808
20.0815
20.0821
20.0827
20.0831
20.0835
20.0837
20.0839
20.0841
20.0841
20.0841
20.084
20.0838
20.0835
20.0832
20.0828
20.0823
20.0818
20.0812
20.0805
20.0797
20.0789
20.078
20.0771
20.076
20.0749
20.0738
20.0726
20.0713
20.0699
20.0685
20.0671
20.0655
20.0639
20.0623
20.0606
20.0589
20.0571
20.0552
20.0533
20.0514
20.0494
20.0473
20.0452
20.0431
20.0409
20.0387
20.0365
20.0342
20.0319
20.0296
20.0272
20.0248
20.0224
20.02
20.0175
20.0151
20.0126
20.0101
20.0076
20.0051
20.0025
20
20
20.003
20.0059
20.0089
20.0118
20.0147
20.0176
20.0205
20.0233
20.0261
20.0289
20.0316
20.0343
20.0369
20.0395
20.042
20.0445
20.0469
20.0492
20.0515
20.0537
20.0558
20.0578
20.0598
20.0617
20.0635
20.0653
20.0669
20.0685
20.07
20.0714
20.0728
20.074
20.0752
20.0763
20.0773
20.0782
20.0791
20.0798
20.0805
20.0811
20.0816
20.082
20.0824
20.0827
20.0829
20.083
20.083
20.083
20.0829
20.0827
20.0825
20.0821
20.0818
20.0813
20.0807
20.0801
20.0795
20.0787
20.0779
20.077
20.0761
20.075
20.074
20.0728
20.0716
20.0703
20.069
20.0676
20.0662
20.0647
20.0631
20.0615
20.0598
20.0581
20.0563
20.0545
20.0526
20.0507
20.0487
20.0467
20.0446
20.0425
20.0404
20.0382
20.036
20.0338
20.0315
20.0292
20.0269
20.0245
20.0221
20.0197
20.0173
20.0149
20.0124
20.0099
20.0075
20.005
20.0025
20
20
20.0029
20.0058
20.0088
20.0117
20.0145
20.0174
20.0202
20.023
20.0258
20.0285
20.0312
20.0338
20.0364
20.039
20.0414
20.0439
20.0462
20.0485
20.0508
20.0529
20.055
20.057
20.059
20.0609
20.0627
20.0644
20.066
20.0676
20.069
20.0704
20.0718
20.073
20.0742
20.0752
20.0762
20.0771
20.078
20.0787
20.0794
20.08
20.0805
20.0809
20.0813
20.0815
20.0817
20.0818
20.0819
20.0819
20.0818
20.0816
20.0813
20.081
20.0806
20.0802
20.0796
20.079
20.0783
20.0776
20.0768
20.0759
20.075
20.074
20.0729
20.0718
20.0706
20.0693
20.068
20.0667
20.0652
20.0637
20.0622
20.0606
20.059
20.0573
20.0555
20.0537
20.0518
20.0499
20.048
20.046
20.044
20.0419
20.0398
20.0377
20.0355
20.0333
20.031
20.0288
20.0265
20.0241
20.0218
20.0194
20.017
20.0146
20.0122
20.0098
20.0074
20.0049
20.0025
20
20
20.0029
20.0058
20.0086
20.0115
20.0143
20.0171
20.0199
20.0227
20.0254
20.0281
20.0307
20.0333
20.0359
20.0384
20.0408
20.0432
20.0455
20.0478
20.05
20.0521
20.0542
20.0562
20.0581
20.0599
20.0617
20.0634
20.065
20.0666
20.068
20.0694
20.0707
20.0719
20.073
20.0741
20.0751
20.076
20.0768
20.0775
20.0782
20.0788
20.0793
20.0797
20.08
20.0803
20.0805
20.0806
20.0807
20.0806
20.0805
20.0804
20.0801
20.0798
20.0794
20.0789
20.0784
20.0778
20.0772
20.0764
20.0756
20.0748
20.0738
20.0729
20.0718
20.0707
20.0695
20.0683
20.067
20.0656
20.0642
20.0628
20.0612
20.0597
20.058
20.0564
20.0546
20.0529
20.051
20.0492
20.0473
20.0453
20.0433
20.0413
20.0392
20.0371
20.0349
20.0327
20.0305
20.0283
20.026
20.0238
20.0215
20.0191
20.0168
20.0144
20.012
20.0096
20.0072
20.0048
20.0024
20
20
20.0028
20.0057
20.0085
20.0113
20.0141
20.0168
20.0196
20.0223
20.025
20.0276
20.0302
20.0328
20.0353
20.0377
20.0402
20.0425
20.0448
20.047
20.0492
20.0513
20.0533
20.0553
20.0572
20.059
20.0607
20.0624
20.064
20.0655
20.0669
20.0683
20.0695
20.0707
20.0719
20.0729
20.0739
20.0747
20.0755
20.0763
20.0769
20.0775
20.078
20.0784
20.0787
20.079
20.0792
20.0793
20.0793
20.0793
20.0792
20.079
20.0788
20.0785
20.0781
20.0777
20.0771
20.0765
20.0759
20.0752
20.0744
20.0735
20.0726
20.0717
20.0706
20.0695
20.0684
20.0672
20.0659
20.0645
20.0632
20.0617
20.0602
20.0587
20.0571
20.0554
20.0537
20.052
20.0502
20.0483
20.0465
20.0445
20.0426
20.0406
20.0385
20.0364
20.0343
20.0322
20.03
20.0278
20.0256
20.0234
20.0211
20.0188
20.0165
20.0142
20.0118
20.0095
20.0071
20.0047
20.0024
20
20
20.0028
20.0056
20.0083
20.0111
20.0138
20.0166
20.0192
20.0219
20.0245
20.0271
20.0297
20.0322
20.0347
20.0371
20.0394
20.0418
20.044
20.0462
20.0483
20.0504
20.0524
20.0543
20.0562
20.0579
20.0596
20.0613
20.0628
20.0643
20.0657
20.0671
20.0683
20.0695
20.0706
20.0716
20.0726
20.0734
20.0742
20.0749
20.0756
20.0761
20.0766
20.077
20.0774
20.0776
20.0778
20.0779
20.078
20.0779
20.0778
20.0777
20.0774
20.0771
20.0767
20.0763
20.0758
20.0752
20.0746
20.0738
20.0731
20.0722
20.0713
20.0704
20.0694
20.0683
20.0672
20.066
20.0647
20.0634
20.062
20.0606
20.0591
20.0576
20.056
20.0544
20.0528
20.051
20.0493
20.0475
20.0456
20.0437
20.0418
20.0398
20.0378
20.0358
20.0337
20.0316
20.0295
20.0273
20.0251
20.0229
20.0207
20.0184
20.0162
20.0139
20.0116
20.0093
20.007
20.0047
20.0023
20
20
20.0027
20.0055
20.0082
20.0109
20.0136
20.0162
20.0189
20.0215
20.0241
20.0266
20.0291
20.0316
20.034
20.0364
20.0387
20.041
20.0432
20.0453
20.0474
20.0494
20.0514
20.0533
20.0551
20.0568
20.0585
20.0601
20.0617
20.0631
20.0645
20.0658
20.067
20.0682
20.0693
20.0703
20.0712
20.0721
20.0728
20.0735
20.0742
20.0747
20.0752
20.0756
20.0759
20.0762
20.0763
20.0765
20.0765
20.0765
20.0764
20.0762
20.076
20.0757
20.0753
20.0748
20.0743
20.0738
20.0731
20.0724
20.0717
20.0709
20.07
20.069
20.0681
20.067
20.0659
20.0647
20.0635
20.0622
20.0608
20.0595
20.058
20.0565
20.055
20.0534
20.0517
20.05
20.0483
20.0465
20.0447
20.0429
20.041
20.039
20.0371
20.0351
20.033
20.031
20.0289
20.0268
20.0246
20.0225
20.0203
20.0181
20.0159
20.0136
20.0114
20.0091
20.0068
20.0046
20.0023
20
20
20.0027
20.0053
20.008
20.0107
20.0133
20.0159
20.0185
20.0211
20.0236
20.0261
20.0285
20.031
20.0333
20.0356
20.0379
20.0401
20.0423
20.0444
20.0465
20.0484
20.0504
20.0522
20.054
20.0557
20.0573
20.0589
20.0604
20.0619
20.0632
20.0645
20.0657
20.0668
20.0679
20.0689
20.0698
20.0706
20.0714
20.0721
20.0727
20.0732
20.0737
20.0741
20.0744
20.0746
20.0748
20.0749
20.075
20.0749
20.0748
20.0747
20.0744
20.0741
20.0738
20.0733
20.0728
20.0723
20.0717
20.071
20.0702
20.0694
20.0686
20.0676
20.0667
20.0656
20.0645
20.0634
20.0622
20.0609
20.0596
20.0582
20.0568
20.0553
20.0538
20.0523
20.0507
20.049
20.0473
20.0456
20.0438
20.042
20.0401
20.0382
20.0363
20.0343
20.0323
20.0303
20.0283
20.0262
20.0241
20.022
20.0199
20.0177
20.0155
20.0133
20.0111
20.0089
20.0067
20.0045
20.0022
20
20
20.0026
20.0052
20.0078
20.0104
20.013
20.0156
20.0181
20.0206
20.0231
20.0255
20.0279
20.0303
20.0326
20.0349
20.0371
20.0393
20.0414
20.0434
20.0454
20.0474
20.0493
20.0511
20.0528
20.0545
20.0561
20.0576
20.0591
20.0605
20.0618
20.0631
20.0643
20.0654
20.0664
20.0674
20.0683
20.0691
20.0698
20.0705
20.0711
20.0716
20.0721
20.0725
20.0728
20.073
20.0732
20.0733
20.0733
20.0733
20.0732
20.073
20.0728
20.0725
20.0722
20.0717
20.0713
20.0707
20.0701
20.0694
20.0687
20.0679
20.0671
20.0662
20.0652
20.0642
20.0631
20.062
20.0608
20.0596
20.0583
20.0569
20.0556
20.0541
20.0526
20.0511
20.0495
20.0479
20.0463
20.0446
20.0428
20.041
20.0392
20.0374
20.0355
20.0336
20.0316
20.0296
20.0276
20.0256
20.0236
20.0215
20.0194
20.0173
20.0152
20.013
20.0109
20.0087
20.0066
20.0044
20.0022
20
20
20.0026
20.0051
20.0077
20.0102
20.0127
20.0152
20.0177
20.0201
20.0225
20.0249
20.0273
20.0296
20.0318
20.0341
20.0362
20.0384
20.0404
20.0424
20.0444
20.0463
20.0481
20.0499
20.0516
20.0532
20.0548
20.0563
20.0578
20.0591
20.0604
20.0616
20.0628
20.0639
20.0649
20.0658
20.0667
20.0675
20.0682
20.0689
20.0694
20.07
20.0704
20.0708
20.0711
20.0713
20.0715
20.0716
20.0716
20.0716
20.0715
20.0713
20.0711
20.0708
20.0705
20.0701
20.0696
20.0691
20.0685
20.0678
20.0671
20.0663
20.0655
20.0646
20.0637
20.0627
20.0616
20.0605
20.0594
20.0582
20.0569
20.0556
20.0542
20.0528
20.0514
20.0499
20.0484
20.0468
20.0452
20.0435
20.0418
20.0401
20.0383
20.0365
20.0346
20.0328
20.0309
20.0289
20.027
20.025
20.023
20.021
20.0189
20.0169
20.0148
20.0127
20.0106
20.0085
20.0064
20.0043
20.0021
20
20
20.0025
20.005
20.0075
20.0099
20.0124
20.0148
20.0172
20.0196
20.022
20.0243
20.0266
20.0288
20.0311
20.0332
20.0353
20.0374
20.0394
20.0414
20.0433
20.0451
20.0469
20.0487
20.0503
20.0519
20.0535
20.0549
20.0563
20.0577
20.0589
20.0601
20.0612
20.0623
20.0633
20.0642
20.065
20.0658
20.0665
20.0672
20.0677
20.0682
20.0687
20.069
20.0693
20.0696
20.0697
20.0698
20.0699
20.0698
20.0697
20.0696
20.0694
20.0691
20.0687
20.0683
20.0679
20.0673
20.0668
20.0661
20.0654
20.0647
20.0639
20.063
20.0621
20.0611
20.0601
20.059
20.0579
20.0567
20.0555
20.0542
20.0529
20.0515
20.0501
20.0486
20.0471
20.0456
20.044
20.0424
20.0407
20.039
20.0373
20.0355
20.0337
20.0319
20.0301
20.0282
20.0263
20.0244
20.0224
20.0204
20.0185
20.0165
20.0144
20.0124
20.0104
20.0083
20.0062
20.0042
20.0021
20
20
20.0024
20.0049
20.0073
20.0097
20.0121
20.0144
20.0168
20.0191
20.0214
20.0237
20.0259
20.0281
20.0302
20.0323
20.0344
20.0364
20.0384
20.0403
20.0421
20.0439
20.0457
20.0474
20.049
20.0505
20.052
20.0535
20.0548
20.0561
20.0574
20.0585
20.0596
20.0607
20.0616
20.0625
20.0633
20.0641
20.0648
20.0654
20.0659
20.0664
20.0669
20.0672
20.0675
20.0677
20.0679
20.068
20.068
20.068
20.0679
20.0677
20.0675
20.0672
20.0669
20.0665
20.0661
20.0655
20.065
20.0644
20.0637
20.0629
20.0622
20.0613
20.0604
20.0595
20.0585
20.0574
20.0563
20.0552
20.054
20.0527
20.0514
20.0501
20.0487
20.0473
20.0459
20.0444
20.0428
20.0412
20.0396
20.038
20.0363
20.0346
20.0328
20.0311
20.0293
20.0274
20.0256
20.0237
20.0218
20.0199
20.0179
20.016
20.014
20.0121
20.0101
20.0081
20.0061
20.004
20.002
20
20
20.0024
20.0047
20.0071
20.0094
20.0117
20.014
20.0163
20.0186
20.0208
20.023
20.0252
20.0273
20.0294
20.0314
20.0334
20.0354
20.0373
20.0392
20.041
20.0427
20.0444
20.046
20.0476
20.0491
20.0506
20.052
20.0533
20.0545
20.0557
20.0569
20.0579
20.0589
20.0599
20.0607
20.0615
20.0623
20.0629
20.0635
20.0641
20.0646
20.065
20.0653
20.0656
20.0658
20.066
20.0661
20.0661
20.0661
20.066
20.0658
20.0656
20.0653
20.065
20.0646
20.0642
20.0637
20.0631
20.0625
20.0619
20.0611
20.0604
20.0596
20.0587
20.0578
20.0568
20.0558
20.0547
20.0536
20.0524
20.0512
20.05
20.0487
20.0473
20.0459
20.0445
20.0431
20.0416
20.04
20.0385
20.0369
20.0352
20.0336
20.0319
20.0302
20.0284
20.0266
20.0248
20.023
20.0212
20.0193
20.0174
20.0155
20.0136
20.0117
20.0098
20.0078
20.0059
20.0039
20.002
20
20
20.0023
20.0046
20.0069
20.0091
20.0114
20.0136
20.0158
20.018
20.0202
20.0223
20.0244
20.0265
20.0285
20.0305
20.0324
20.0343
20.0362
20.038
20.0397
20.0414
20.0431
20.0446
20.0462
20.0476
20.049
20.0504
20.0517
20.0529
20.0541
20.0552
20.0562
20.0572
20.0581
20.0589
20.0597
20.0604
20.061
20.0616
20.0622
20.0626
20.063
20.0633
20.0636
20.0638
20.064
20.0641
20.0641
20.0641
20.064
20.0638
20.0636
20.0634
20.063
20.0627
20.0622
20.0618
20.0612
20.0606
20.06
20.0593
20.0585
20.0578
20.0569
20.056
20.0551
20.0541
20.053
20.052
20.0508
20.0496
20.0484
20.0472
20.0459
20.0445
20.0432
20.0417
20.0403
20.0388
20.0373
20.0357
20.0341
20.0325
20.0309
20.0292
20.0275
20.0258
20.0241
20.0223
20.0205
20.0187
20.0169
20.015
20.0132
20.0113
20.0095
20.0076
20.0057
20.0038
20.0019
20
20
20.0022
20.0044
20.0066
20.0088
20.011
20.0132
20.0153
20.0174
20.0195
20.0216
20.0236
20.0256
20.0276
20.0295
20.0314
20.0332
20.035
20.0367
20.0384
20.0401
20.0417
20.0432
20.0447
20.0461
20.0475
20.0488
20.05
20.0512
20.0523
20.0534
20.0544
20.0553
20.0562
20.057
20.0578
20.0585
20.0591
20.0597
20.0602
20.0606
20.061
20.0613
20.0616
20.0618
20.0619
20.062
20.062
20.062
20.0619
20.0618
20.0616
20.0613
20.061
20.0606
20.0602
20.0598
20.0592
20.0587
20.058
20.0574
20.0566
20.0559
20.0551
20.0542
20.0533
20.0523
20.0513
20.0503
20.0492
20.048
20.0468
20.0456
20.0444
20.0431
20.0417
20.0404
20.039
20.0375
20.0361
20.0346
20.033
20.0315
20.0299
20.0283
20.0266
20.0249
20.0233
20.0216
20.0198
20.0181
20.0163
20.0146
20.0128
20.011
20.0092
20.0073
20.0055
20.0037
20.0018
20
20
20.0021
20.0043
20.0064
20.0085
20.0106
20.0127
20.0148
20.0168
20.0188
20.0208
20.0228
20.0247
20.0266
20.0285
20.0303
20.0321
20.0338
20.0355
20.0371
20.0387
20.0402
20.0417
20.0431
20.0445
20.0458
20.0471
20.0483
20.0494
20.0505
20.0516
20.0525
20.0534
20.0543
20.0551
20.0558
20.0564
20.0571
20.0576
20.0581
20.0585
20.0589
20.0592
20.0595
20.0596
20.0598
20.0599
20.0599
20.0599
20.0598
20.0596
20.0594
20.0592
20.0589
20.0585
20.0581
20.0577
20.0572
20.0566
20.056
20.0554
20.0547
20.0539
20.0531
20.0523
20.0514
20.0505
20.0495
20.0485
20.0475
20.0464
20.0452
20.044
20.0428
20.0416
20.0403
20.039
20.0376
20.0362
20.0348
20.0333
20.0319
20.0304
20.0288
20.0273
20.0257
20.0241
20.0224
20.0208
20.0191
20.0174
20.0158
20.014
20.0123
20.0106
20.0088
20.0071
20.0053
20.0035
20.0018
20
20
20.0021
20.0041
20.0062
20.0082
20.0102
20.0122
20.0142
20.0162
20.0182
20.0201
20.022
20.0238
20.0256
20.0274
20.0292
20.0309
20.0326
20.0342
20.0358
20.0373
20.0388
20.0402
20.0416
20.0429
20.0442
20.0454
20.0465
20.0476
20.0487
20.0497
20.0506
20.0515
20.0523
20.053
20.0537
20.0544
20.055
20.0555
20.056
20.0564
20.0567
20.057
20.0573
20.0575
20.0576
20.0577
20.0577
20.0577
20.0576
20.0574
20.0573
20.057
20.0567
20.0564
20.056
20.0556
20.0551
20.0545
20.054
20.0533
20.0527
20.0519
20.0512
20.0504
20.0495
20.0486
20.0477
20.0467
20.0457
20.0446
20.0435
20.0424
20.0412
20.04
20.0388
20.0375
20.0362
20.0349
20.0335
20.0321
20.0307
20.0292
20.0277
20.0262
20.0247
20.0232
20.0216
20.02
20.0184
20.0168
20.0152
20.0135
20.0118
20.0102
20.0085
20.0068
20.0051
20.0034
20.0017
20
20
20.002
20.004
20.0059
20.0079
20.0098
20.0118
20.0137
20.0156
20.0174
20.0193
20.0211
20.0229
20.0246
20.0264
20.028
20.0297
20.0313
20.0328
20.0344
20.0358
20.0372
20.0386
20.0399
20.0412
20.0424
20.0436
20.0447
20.0458
20.0468
20.0477
20.0486
20.0494
20.0502
20.0509
20.0516
20.0522
20.0528
20.0533
20.0538
20.0542
20.0545
20.0548
20.055
20.0552
20.0553
20.0554
20.0554
20.0554
20.0553
20.0552
20.055
20.0548
20.0545
20.0542
20.0538
20.0534
20.0529
20.0524
20.0518
20.0512
20.0506
20.0499
20.0491
20.0484
20.0476
20.0467
20.0458
20.0448
20.0439
20.0429
20.0418
20.0407
20.0396
20.0384
20.0372
20.036
20.0347
20.0335
20.0321
20.0308
20.0294
20.028
20.0266
20.0252
20.0237
20.0222
20.0207
20.0192
20.0177
20.0161
20.0145
20.013
20.0114
20.0098
20.0082
20.0065
20.0049
20.0033
20.0016
20
20
20.0019
20.0038
20.0057
20.0076
20.0094
20.0113
20.0131
20.0149
20.0167
20.0185
20.0202
20.0219
20.0236
20.0252
20.0269
20.0284
20.03
20.0315
20.0329
20.0343
20.0357
20.037
20.0382
20.0395
20.0406
20.0417
20.0428
20.0438
20.0448
20.0457
20.0466
20.0474
20.0481
20.0488
20.0495
20.05
20.0506
20.0511
20.0515
20.0519
20.0522
20.0525
20.0527
20.0529
20.053
20.0531
20.0531
20.0531
20.053
20.0529
20.0527
20.0525
20.0522
20.0519
20.0515
20.0511
20.0507
20.0502
20.0496
20.0491
20.0484
20.0478
20.0471
20.0463
20.0455
20.0447
20.0438
20.0429
20.042
20.041
20.04
20.039
20.0379
20.0368
20.0356
20.0345
20.0333
20.032
20.0308
20.0295
20.0282
20.0268
20.0255
20.0241
20.0227
20.0213
20.0198
20.0184
20.0169
20.0154
20.0139
20.0124
20.0109
20.0093
20.0078
20.0063
20.0047
20.0031
20.0016
20
20
20.0018
20.0036
20.0054
20.0072
20.009
20.0108
20.0125
20.0142
20.016
20.0176
20.0193
20.0209
20.0225
20.0241
20.0256
20.0271
20.0286
20.03
20.0314
20.0328
20.0341
20.0353
20.0365
20.0377
20.0388
20.0399
20.0409
20.0418
20.0428
20.0436
20.0445
20.0452
20.0459
20.0466
20.0472
20.0478
20.0483
20.0488
20.0492
20.0495
20.0499
20.0501
20.0503
20.0505
20.0506
20.0507
20.0507
20.0507
20.0506
20.0505
20.0503
20.0501
20.0498
20.0495
20.0492
20.0488
20.0484
20.0479
20.0474
20.0468
20.0462
20.0456
20.0449
20.0442
20.0435
20.0427
20.0418
20.041
20.0401
20.0392
20.0382
20.0372
20.0362
20.0351
20.034
20.0329
20.0317
20.0306
20.0294
20.0281
20.0269
20.0256
20.0243
20.023
20.0217
20.0203
20.0189
20.0175
20.0161
20.0147
20.0133
20.0118
20.0104
20.0089
20.0074
20.006
20.0045
20.003
20.0015
20
20
20.0017
20.0034
20.0052
20.0069
20.0086
20.0102
20.0119
20.0136
20.0152
20.0168
20.0184
20.0199
20.0214
20.0229
20.0244
20.0258
20.0272
20.0286
20.0299
20.0312
20.0324
20.0336
20.0348
20.0359
20.0369
20.0379
20.0389
20.0398
20.0407
20.0415
20.0423
20.043
20.0437
20.0443
20.0449
20.0455
20.046
20.0464
20.0468
20.0471
20.0474
20.0477
20.0479
20.048
20.0482
20.0482
20.0482
20.0482
20.0481
20.048
20.0479
20.0477
20.0474
20.0471
20.0468
20.0464
20.046
20.0456
20.0451
20.0446
20.044
20.0434
20.0427
20.0421
20.0413
20.0406
20.0398
20.039
20.0381
20.0372
20.0363
20.0354
20.0344
20.0334
20.0323
20.0313
20.0302
20.0291
20.0279
20.0268
20.0256
20.0244
20.0231
20.0219
20.0206
20.0193
20.018
20.0167
20.0153
20.014
20.0126
20.0113
20.0099
20.0085
20.0071
20.0057
20.0043
20.0028
20.0014
20
20
20.0016
20.0033
20.0049
20.0065
20.0081
20.0097
20.0113
20.0128
20.0144
20.0159
20.0174
20.0189
20.0203
20.0217
20.0231
20.0245
20.0258
20.0271
20.0283
20.0295
20.0307
20.0319
20.0329
20.034
20.035
20.036
20.0369
20.0377
20.0386
20.0394
20.0401
20.0408
20.0414
20.042
20.0426
20.0431
20.0436
20.044
20.0444
20.0447
20.045
20.0452
20.0454
20.0455
20.0456
20.0457
20.0457
20.0457
20.0456
20.0455
20.0454
20.0452
20.0449
20.0447
20.0444
20.044
20.0436
20.0432
20.0427
20.0422
20.0417
20.0411
20.0405
20.0399
20.0392
20.0385
20.0377
20.0369
20.0361
20.0353
20.0344
20.0335
20.0326
20.0316
20.0306
20.0296
20.0286
20.0275
20.0265
20.0253
20.0242
20.0231
20.0219
20.0207
20.0195
20.0183
20.017
20.0158
20.0145
20.0133
20.012
20.0107
20.0094
20.008
20.0067
20.0054
20.004
20.0027
20.0014
20
20
20.0015
20.0031
20.0046
20.0061
20.0077
20.0092
20.0107
20.0121
20.0136
20.015
20.0164
20.0178
20.0192
20.0205
20.0218
20.0231
20.0244
20.0256
20.0267
20.0279
20.029
20.0301
20.0311
20.0321
20.033
20.0339
20.0348
20.0356
20.0364
20.0371
20.0378
20.0385
20.0391
20.0397
20.0402
20.0407
20.0411
20.0415
20.0419
20.0422
20.0424
20.0427
20.0428
20.043
20.0431
20.0431
20.0431
20.0431
20.0431
20.043
20.0428
20.0426
20.0424
20.0422
20.0419
20.0415
20.0412
20.0408
20.0403
20.0398
20.0393
20.0388
20.0382
20.0376
20.037
20.0363
20.0356
20.0348
20.0341
20.0333
20.0325
20.0316
20.0307
20.0298
20.0289
20.028
20.027
20.026
20.025
20.0239
20.0228
20.0218
20.0207
20.0195
20.0184
20.0172
20.0161
20.0149
20.0137
20.0125
20.0113
20.0101
20.0088
20.0076
20.0063
20.0051
20.0038
20.0025
20.0013
20
20
20.0014
20.0029
20.0043
20.0058
20.0072
20.0086
20.01
20.0114
20.0128
20.0141
20.0154
20.0167
20.018
20.0193
20.0205
20.0217
20.0229
20.024
20.0251
20.0262
20.0272
20.0282
20.0292
20.0301
20.031
20.0319
20.0327
20.0335
20.0342
20.0349
20.0355
20.0362
20.0367
20.0373
20.0378
20.0382
20.0386
20.039
20.0393
20.0396
20.0399
20.0401
20.0402
20.0404
20.0405
20.0405
20.0405
20.0405
20.0404
20.0403
20.0402
20.04
20.0398
20.0396
20.0393
20.039
20.0386
20.0383
20.0379
20.0374
20.0369
20.0364
20.0359
20.0353
20.0347
20.0341
20.0334
20.0327
20.032
20.0313
20.0305
20.0297
20.0289
20.028
20.0271
20.0262
20.0253
20.0244
20.0234
20.0224
20.0214
20.0204
20.0194
20.0183
20.0173
20.0162
20.0151
20.014
20.0129
20.0117
20.0106
20.0094
20.0083
20.0071
20.0059
20.0048
20.0036
20.0024
20.0012
20
20
20.0014
20.0027
20.0041
20.0054
20.0067
20.008
20.0093
20.0106
20.0119
20.0132
20.0144
20.0156
20.0168
20.018
20.0192
20.0203
20.0214
20.0224
20.0235
20.0245
20.0254
20.0264
20.0273
20.0281
20.029
20.0298
20.0305
20.0312
20.0319
20.0326
20.0332
20.0338
20.0343
20.0348
20.0353
20.0357
20.0361
20.0364
20.0367
20.037
20.0372
20.0374
20.0376
20.0377
20.0378
20.0378
20.0378
20.0378
20.0378
20.0377
20.0376
20.0374
20.0372
20.037
20.0367
20.0364
20.0361
20.0357
20.0354
20.0349
20.0345
20.034
20.0335
20.033
20.0324
20.0318
20.0312
20.0305
20.0299
20.0292
20.0285
20.0277
20.0269
20.0261
20.0253
20.0245
20.0236
20.0228
20.0219
20.021
20.02
20.0191
20.0181
20.0171
20.0161
20.0151
20.0141
20.0131
20.012
20.011
20.0099
20.0088
20.0077
20.0066
20.0055
20.0044
20.0033
20.0022
20.0011
20
20
20.0013
20.0025
20.0038
20.005
20.0062
20.0075
20.0087
20.0099
20.0111
20.0122
20.0134
20.0145
20.0156
20.0167
20.0178
20.0188
20.0198
20.0208
20.0218
20.0227
20.0236
20.0245
20.0253
20.0261
20.0269
20.0276
20.0283
20.029
20.0296
20.0302
20.0308
20.0313
20.0318
20.0323
20.0327
20.0331
20.0335
20.0338
20.0341
20.0343
20.0345
20.0347
20.0349
20.035
20.0351
20.0351
20.0351
20.0351
20.0351
20.035
20.0348
20.0347
20.0345
20.0343
20.0341
20.0338
20.0335
20.0332
20.0328
20.0324
20.032
20.0316
20.0311
20.0306
20.0301
20.0295
20.0289
20.0283
20.0277
20.0271
20.0264
20.0257
20.025
20.0243
20.0235
20.0227
20.0219
20.0211
20.0203
20.0194
20.0186
20.0177
20.0168
20.0159
20.015
20.014
20.0131
20.0121
20.0111
20.0102
20.0092
20.0082
20.0072
20.0062
20.0051
20.0041
20.0031
20.0021
20.001
20
20
20.0012
20.0023
20.0035
20.0046
20.0058
20.0069
20.008
20.0091
20.0102
20.0113
20.0123
20.0134
20.0144
20.0154
20.0164
20.0173
20.0183
20.0192
20.0201
20.0209
20.0217
20.0225
20.0233
20.0241
20.0248
20.0255
20.0261
20.0267
20.0273
20.0279
20.0284
20.0289
20.0293
20.0298
20.0302
20.0305
20.0308
20.0311
20.0314
20.0316
20.0318
20.032
20.0321
20.0322
20.0323
20.0324
20.0324
20.0323
20.0323
20.0322
20.0321
20.032
20.0318
20.0316
20.0314
20.0311
20.0309
20.0305
20.0302
20.0299
20.0295
20.0291
20.0286
20.0282
20.0277
20.0272
20.0267
20.0261
20.0255
20.0249
20.0243
20.0237
20.023
20.0223
20.0216
20.0209
20.0202
20.0194
20.0187
20.0179
20.0171
20.0163
20.0155
20.0146
20.0138
20.0129
20.012
20.0112
20.0103
20.0094
20.0084
20.0075
20.0066
20.0057
20.0047
20.0038
20.0028
20.0019
20.001
20
20
20.0011
20.0021
20.0032
20.0042
20.0053
20.0063
20.0073
20.0083
20.0093
20.0103
20.0113
20.0122
20.0131
20.0141
20.015
20.0158
20.0167
20.0175
20.0183
20.0191
20.0199
20.0206
20.0213
20.022
20.0226
20.0232
20.0238
20.0244
20.0249
20.0254
20.0259
20.0264
20.0268
20.0272
20.0275
20.0279
20.0282
20.0284
20.0287
20.0289
20.0291
20.0292
20.0293
20.0294
20.0295
20.0295
20.0296
20.0295
20.0295
20.0294
20.0293
20.0292
20.029
20.0289
20.0287
20.0284
20.0282
20.0279
20.0276
20.0273
20.0269
20.0265
20.0261
20.0257
20.0253
20.0248
20.0243
20.0238
20.0233
20.0228
20.0222
20.0216
20.021
20.0204
20.0198
20.0191
20.0184
20.0178
20.0171
20.0163
20.0156
20.0149
20.0141
20.0133
20.0126
20.0118
20.011
20.0102
20.0094
20.0085
20.0077
20.0069
20.006
20.0052
20.0043
20.0035
20.0026
20.0017
20.0009
20
20
20.001
20.0019
20.0029
20.0038
20.0047
20.0057
20.0066
20.0075
20.0084
20.0093
20.0102
20.011
20.0119
20.0127
20.0135
20.0143
20.0151
20.0158
20.0166
20.0173
20.018
20.0186
20.0192
20.0199
20.0204
20.021
20.0215
20.0221
20.0225
20.023
20.0234
20.0238
20.0242
20.0246
20.0249
20.0252
20.0255
20.0257
20.0259
20.0261
20.0263
20.0264
20.0265
20.0266
20.0267
20.0267
20.0267
20.0267
20.0267
20.0266
20.0265
20.0264
20.0262
20.0261
20.0259
20.0257
20.0255
20.0252
20.0249
20.0246
20.0243
20.024
20.0236
20.0232
20.0228
20.0224
20.022
20.0215
20.0211
20.0206
20.0201
20.0195
20.019
20.0184
20.0179
20.0173
20.0167
20.016
20.0154
20.0148
20.0141
20.0134
20.0128
20.0121
20.0114
20.0106
20.0099
20.0092
20.0085
20.0077
20.007
20.0062
20.0054
20.0047
20.0039
20.0031
20.0024
20.0016
20.0008
20
20
20.0009
20.0017
20.0026
20.0034
20.0042
20.0051
20.0059
20.0067
20.0075
20.0083
20.0091
20.0099
20.0106
20.0113
20.0121
20.0128
20.0135
20.0141
20.0148
20.0154
20.016
20.0166
20.0172
20.0177
20.0182
20.0187
20.0192
20.0197
20.0201
20.0205
20.0209
20.0213
20.0216
20.0219
20.0222
20.0225
20.0227
20.0229
20.0231
20.0233
20.0234
20.0236
20.0237
20.0237
20.0238
20.0238
20.0238
20.0238
20.0238
20.0237
20.0236
20.0235
20.0234
20.0233
20.0231
20.0229
20.0227
20.0225
20.0222
20.022
20.0217
20.0214
20.0211
20.0207
20.0204
20.02
20.0196
20.0192
20.0188
20.0183
20.0179
20.0174
20.0169
20.0164
20.0159
20.0154
20.0149
20.0143
20.0137
20.0132
20.0126
20.012
20.0114
20.0108
20.0101
20.0095
20.0089
20.0082
20.0075
20.0069
20.0062
20.0055
20.0049
20.0042
20.0035
20.0028
20.0021
20.0014
20.0007
20
20
20.0008
20.0015
20.0022
20.003
20.0037
20.0045
20.0052
20.0059
20.0066
20.0073
20.008
20.0087
20.0093
20.01
20.0106
20.0112
20.0118
20.0124
20.013
20.0135
20.0141
20.0146
20.0151
20.0156
20.016
20.0165
20.0169
20.0173
20.0177
20.018
20.0184
20.0187
20.019
20.0192
20.0195
20.0197
20.0199
20.0201
20.0203
20.0204
20.0206
20.0207
20.0208
20.0208
20.0209
20.0209
20.0209
20.0209
20.0209
20.0208
20.0208
20.0207
20.0206
20.0204
20.0203
20.0201
20.0199
20.0197
20.0195
20.0193
20.019
20.0188
20.0185
20.0182
20.0179
20.0176
20.0172
20.0169
20.0165
20.0161
20.0157
20.0153
20.0149
20.0144
20.014
20.0135
20.013
20.0126
20.0121
20.0116
20.011
20.0105
20.01
20.0094
20.0089
20.0083
20.0078
20.0072
20.0066
20.006
20.0055
20.0049
20.0043
20.0037
20.0031
20.0025
20.0018
20.0012
20.0006
20
20
20.0006
20.0013
20.0019
20.0026
20.0032
20.0038
20.0045
20.0051
20.0057
20.0063
20.0069
20.0074
20.008
20.0086
20.0091
20.0096
20.0102
20.0107
20.0112
20.0116
20.0121
20.0125
20.013
20.0134
20.0138
20.0141
20.0145
20.0149
20.0152
20.0155
20.0158
20.0161
20.0163
20.0165
20.0168
20.017
20.0171
20.0173
20.0175
20.0176
20.0177
20.0178
20.0179
20.0179
20.018
20.018
20.018
20.018
20.0179
20.0179
20.0178
20.0178
20.0177
20.0176
20.0174
20.0173
20.0171
20.017
20.0168
20.0166
20.0164
20.0161
20.0159
20.0156
20.0154
20.0151
20.0148
20.0145
20.0142
20.0138
20.0135
20.0131
20.0128
20.0124
20.012
20.0116
20.0112
20.0108
20.0104
20.0099
20.0095
20.009
20.0086
20.0081
20.0076
20.0072
20.0067
20.0062
20.0057
20.0052
20.0047
20.0042
20.0037
20.0032
20.0026
20.0021
20.0016
20.0011
20.0005
20
20
20.0005
20.0011
20.0016
20.0021
20.0027
20.0032
20.0037
20.0042
20.0047
20.0052
20.0057
20.0062
20.0067
20.0072
20.0076
20.0081
20.0085
20.0089
20.0093
20.0097
20.0101
20.0105
20.0108
20.0112
20.0115
20.0118
20.0121
20.0124
20.0127
20.0129
20.0132
20.0134
20.0136
20.0138
20.014
20.0142
20.0143
20.0145
20.0146
20.0147
20.0148
20.0149
20.0149
20.015
20.015
20.015
20.015
20.015
20.015
20.015
20.0149
20.0148
20.0148
20.0147
20.0146
20.0144
20.0143
20.0142
20.014
20.0139
20.0137
20.0135
20.0133
20.0131
20.0128
20.0126
20.0124
20.0121
20.0118
20.0116
20.0113
20.011
20.0107
20.0104
20.01
20.0097
20.0094
20.009
20.0087
20.0083
20.0079
20.0075
20.0072
20.0068
20.0064
20.006
20.0056
20.0052
20.0048
20.0043
20.0039
20.0035
20.0031
20.0026
20.0022
20.0018
20.0013
20.0009
20.0004
20
20
20.0004
20.0009
20.0013
20.0017
20.0021
20.0026
20.003
20.0034
20.0038
20.0042
20.0046
20.005
20.0054
20.0057
20.0061
20.0065
20.0068
20.0071
20.0075
20.0078
20.0081
20.0084
20.0087
20.009
20.0092
20.0095
20.0097
20.0099
20.0102
20.0104
20.0106
20.0107
20.0109
20.0111
20.0112
20.0114
20.0115
20.0116
20.0117
20.0118
20.0118
20.0119
20.012
20.012
20.012
20.012
20.012
20.012
20.012
20.012
20.0119
20.0119
20.0118
20.0118
20.0117
20.0116
20.0115
20.0114
20.0112
20.0111
20.011
20.0108
20.0106
20.0105
20.0103
20.0101
20.0099
20.0097
20.0095
20.0093
20.009
20.0088
20.0086
20.0083
20.008
20.0078
20.0075
20.0072
20.0069
20.0066
20.0063
20.006
20.0057
20.0054
20.0051
20.0048
20.0045
20.0041
20.0038
20.0035
20.0031
20.0028
20.0025
20.0021
20.0018
20.0014
20.0011
20.0007
20.0004
20
20
20.0003
20.0007
20.001
20.0013
20.0016
20.0019
20.0022
20.0026
20.0029
20.0032
20.0035
20.0037
20.004
20.0043
20.0046
20.0049
20.0051
20.0054
20.0056
20.0059
20.0061
20.0063
20.0065
20.0067
20.0069
20.0071
20.0073
20.0075
20.0076
20.0078
20.0079
20.0081
20.0082
20.0083
20.0084
20.0085
20.0086
20.0087
20.0088
20.0088
20.0089
20.0089
20.009
20.009
20.009
20.009
20.009
20.009
20.009
20.009
20.009
20.0089
20.0089
20.0088
20.0088
20.0087
20.0086
20.0085
20.0084
20.0083
20.0082
20.0081
20.008
20.0079
20.0077
20.0076
20.0074
20.0073
20.0071
20.007
20.0068
20.0066
20.0064
20.0062
20.006
20.0058
20.0056
20.0054
20.0052
20.005
20.0048
20.0045
20.0043
20.0041
20.0038
20.0036
20.0034
20.0031
20.0029
20.0026
20.0024
20.0021
20.0018
20.0016
20.0013
20.0011
20.0008
20.0005
20.0003
20
20
20.0002
20.0004
20.0007
20.0009
20.0011
20.0013
20.0015
20.0017
20.0019
20.0021
20.0023
20.0025
20.0027
20.0029
20.0031
20.0032
20.0034
20.0036
20.0037
20.0039
20.0041
20.0042
20.0044
20.0045
20.0046
20.0047
20.0049
20.005
20.0051
20.0052
20.0053
20.0054
20.0055
20.0056
20.0056
20.0057
20.0058
20.0058
20.0059
20.0059
20.0059
20.006
20.006
20.006
20.006
20.006
20.006
20.006
20.006
20.006
20.006
20.006
20.0059
20.0059
20.0059
20.0058
20.0058
20.0057
20.0056
20.0056
20.0055
20.0054
20.0053
20.0053
20.0052
20.0051
20.005
20.0049
20.0048
20.0046
20.0045
20.0044
20.0043
20.0042
20.004
20.0039
20.0038
20.0036
20.0035
20.0033
20.0032
20.003
20.0029
20.0027
20.0026
20.0024
20.0022
20.0021
20.0019
20.0017
20.0016
20.0014
20.0012
20.0011
20.0009
20.0007
20.0005
20.0004
20.0002
20
20
20.0001
20.0002
20.0003
20.0004
20.0005
20.0006
20.0008
20.0009
20.001
20.0011
20.0012
20.0013
20.0013
20.0014
20.0015
20.0016
20.0017
20.0018
20.0019
20.002
20.002
20.0021
20.0022
20.0022
20.0023
20.0024
20.0024
20.0025
20.0026
20.0026
20.0027
20.0027
20.0027
20.0028
20.0028
20.0028
20.0029
20.0029
20.0029
20.003
20.003
20.003
20.003
20.003
20.003
20.003
20.003
20.003
20.003
20.003
20.003
20.003
20.003
20.003
20.0029
20.0029
20.0029
20.0028
20.0028
20.0028
20.0027
20.0027
20.0027
20.0026
20.0026
20.0025
20.0025
20.0024
20.0024
20.0023
20.0023
20.0022
20.0021
20.0021
20.002
20.002
20.0019
20.0018
20.0017
20.0017
20.0016
20.0015
20.0014
20.0014
20.0013
20.0012
20.0011
20.001
20.001
20.0009
20.0008
20.0007
20.0006
20.0005
20.0004
20.0004
20.0003
20.0002
20.0001
20
20
20
20
20
20
20
20
20
20
20
20
20
20
20
20
20
20
20
20
20
20
20
20
20
20
20
20
20
20
20
20
20
20
20
20
20
20
20
20
20
20
20
20
20
20
20
20
20
20
20
20
20
20
20
20
20
20
20
20
20
20
20
20
20
20
20
20
20
20
20
20
20
20
20
20
20
20
20
20
20
20
20
20
20
20
20
20
20
20
20
20
20
20
20
20
20
20
20
20
20
20
